
Parameter file:
Precision   double 
K           1
Nk          9
K_fine      19
thresold    0.5
BSZ         128
restart     200
tolerance   1e-5
max_iter    1000
P           4
eps         1e-12
NCRIT       500
theta       0.5
GPU         1

Protein file: 1fza_interaction/mesh/1fza_NanoShaper_d04
Sensor  file: NA
Phi     file: NA


Number of elements  : 367952 
Number of iterations: max: 52, min: 1, avg: 50 
Coulombic energy    : -96818963.426312 kcal/mol 
Total time          : max: 540.350571s, min: 129.167503s, avg: 500.834544s 

                    ||              kcal/mol
  h     | Tilt   |  Rotat  ||    Esolv      |    Esurf     |      Esurf+Esolv 
------------------------------------------------------------------------------ 
  2.00  |  152.00  |  0.00 || -1985.087866  | 0.0    | -1985.087866 
  2.00  |  152.00  |  20.00 || -1984.630404  | 0.0    | -1984.630404 
  2.00  |  152.00  |  40.00 || -1985.665768  | 0.0    | -1985.665768 
  2.00  |  152.00  |  60.00 || -1985.28918  | 0.0    | -1985.28918 
  2.00  |  152.00  |  80.00 || -1984.608752  | 0.0    | -1984.608752 
  2.00  |  152.00  |  100.00 || -1985.576176  | 0.0    | -1985.576176 
  2.00  |  152.00  |  120.00 || -1985.290419  | 0.0    | -1985.290419 
  2.00  |  152.00  |  140.00 || -1984.95271  | 0.0    | -1984.95271 
  2.00  |  152.00  |  160.00 || -1984.852086  | 0.0    | -1984.852086 
  2.00  |  152.00  |  180.00 || -1984.661269  | 0.0    | -1984.661269 
  2.00  |  152.00  |  200.00 || -1985.112375  | 0.0    | -1985.112375 
  2.00  |  152.00  |  220.00 || -1985.150357  | 0.0    | -1985.150357 
  2.00  |  152.00  |  240.00 || -1985.08736  | 0.0    | -1985.08736 
  2.00  |  152.00  |  260.00 || -1985.643025  | 0.0    | -1985.643025 
  2.00  |  152.00  |  280.00 || -1985.50761  | 0.0    | -1985.50761 
  2.00  |  152.00  |  300.00 || -1985.016939  | 0.0    | -1985.016939 
  2.00  |  152.00  |  320.00 || -1984.841011  | 0.0    | -1984.841011 
  2.00  |  152.00  |  340.00 || -1985.370739  | 0.0    | -1985.370739 
  2.00  |  156.00  |  0.00 || -1984.786251  | 0.0    | -1984.786251 
  2.00  |  156.00  |  20.00 || -1984.774644  | 0.0    | -1984.774644 
  2.00  |  156.00  |  40.00 || -1985.322946  | 0.0    | -1985.322946 
  2.00  |  156.00  |  60.00 || -1985.187685  | 0.0    | -1985.187685 
  2.00  |  156.00  |  80.00 || -1984.310362  | 0.0    | -1984.310362 
  2.00  |  156.00  |  100.00 || -1985.624035  | 0.0    | -1985.624035 
  2.00  |  156.00  |  120.00 || -1985.435434  | 0.0    | -1985.435434 
  2.00  |  156.00  |  140.00 || -1984.989277  | 0.0    | -1984.989277 
  2.00  |  156.00  |  160.00 || -1984.864315  | 0.0    | -1984.864315 
  2.00  |  156.00  |  180.00 || -1985.000132  | 0.0    | -1985.000132 
  2.00  |  156.00  |  200.00 || -1985.16241  | 0.0    | -1985.16241 
  2.00  |  156.00  |  220.00 || -1984.997851  | 0.0    | -1984.997851 
  2.00  |  156.00  |  240.00 || -1985.258949  | 0.0    | -1985.258949 
  2.00  |  156.00  |  260.00 || -1985.748969  | 0.0    | -1985.748969 
  2.00  |  156.00  |  280.00 || -1985.590739  | 0.0    | -1985.590739 
  2.00  |  156.00  |  300.00 || -1984.736245  | 0.0    | -1984.736245 
  2.00  |  156.00  |  320.00 || -1984.884808  | 0.0    | -1984.884808 
  2.00  |  156.00  |  340.00 || -1985.550339  | 0.0    | -1985.550339 
  2.00  |  160.00  |  0.00 || -1984.743728  | 0.0    | -1984.743728 
  2.00  |  160.00  |  20.00 || -1984.596506  | 0.0    | -1984.596506 
  2.00  |  160.00  |  40.00 || -1985.169201  | 0.0    | -1985.169201 
  2.00  |  160.00  |  60.00 || -1985.513503  | 0.0    | -1985.513503 
  2.00  |  160.00  |  80.00 || -1984.634983  | 0.0    | -1984.634983 
  2.00  |  160.00  |  100.00 || -1985.471554  | 0.0    | -1985.471554 
  2.00  |  160.00  |  120.00 || -1985.175325  | 0.0    | -1985.175325 
  2.00  |  160.00  |  140.00 || -1984.805138  | 0.0    | -1984.805138 
  2.00  |  160.00  |  160.00 || -1984.662272  | 0.0    | -1984.662272 
  2.00  |  160.00  |  180.00 || -1985.055241  | 0.0    | -1985.055241 
  2.00  |  160.00  |  200.00 || -1985.04874  | 0.0    | -1985.04874 
  2.00  |  160.00  |  220.00 || -1984.736294  | 0.0    | -1984.736294 
  2.00  |  160.00  |  240.00 || -1985.448078  | 0.0    | -1985.448078 
  2.00  |  160.00  |  260.00 || -1985.517518  | 0.0    | -1985.517518 
  2.00  |  160.00  |  280.00 || -1985.232924  | 0.0    | -1985.232924 
  2.00  |  160.00  |  300.00 || -1984.718454  | 0.0    | -1984.718454 
  2.00  |  160.00  |  320.00 || -1985.070383  | 0.0    | -1985.070383 
  2.00  |  160.00  |  340.00 || -1985.916983  | 0.0    | -1985.916983 
  2.00  |  164.00  |  0.00 || -1984.823749  | 0.0    | -1984.823749 
  2.00  |  164.00  |  20.00 || -1984.554078  | 0.0    | -1984.554078 
  2.00  |  164.00  |  40.00 || -1985.035579  | 0.0    | -1985.035579 
  2.00  |  164.00  |  60.00 || -1985.455412  | 0.0    | -1985.455412 
  2.00  |  164.00  |  80.00 || -1985.257411  | 0.0    | -1985.257411 
  2.00  |  164.00  |  100.00 || -1985.15255  | 0.0    | -1985.15255 
  2.00  |  164.00  |  120.00 || -1985.389371  | 0.0    | -1985.389371 
  2.00  |  164.00  |  140.00 || -1985.052554  | 0.0    | -1985.052554 
  2.00  |  164.00  |  160.00 || -1984.903067  | 0.0    | -1984.903067 
  2.00  |  164.00  |  180.00 || -1984.986466  | 0.0    | -1984.986466 
  2.00  |  164.00  |  200.00 || -1985.056834  | 0.0    | -1985.056834 
  2.00  |  164.00  |  220.00 || -1984.865737  | 0.0    | -1984.865737 
  2.00  |  164.00  |  240.00 || -1985.458177  | 0.0    | -1985.458177 
  2.00  |  164.00  |  260.00 || -1985.660506  | 0.0    | -1985.660506 
  2.00  |  164.00  |  280.00 || -1985.181396  | 0.0    | -1985.181396 
  2.00  |  164.00  |  300.00 || -1985.202003  | 0.0    | -1985.202003 
  2.00  |  164.00  |  320.00 || -1985.54769  | 0.0    | -1985.54769 
  2.00  |  164.00  |  340.00 || -1985.782028  | 0.0    | -1985.782028 
  2.00  |  168.00  |  0.00 || -1985.108623  | 0.0    | -1985.108623 
  2.00  |  168.00  |  20.00 || -1984.984689  | 0.0    | -1984.984689 
  2.00  |  168.00  |  40.00 || -1985.256786  | 0.0    | -1985.256786 
  2.00  |  168.00  |  60.00 || -1985.585002  | 0.0    | -1985.585002 
  2.00  |  168.00  |  80.00 || -1985.237429  | 0.0    | -1985.237429 
  2.00  |  168.00  |  100.00 || -1985.00903  | 0.0    | -1985.00903 
  2.00  |  168.00  |  120.00 || -1985.335263  | 0.0    | -1985.335263 
  2.00  |  168.00  |  140.00 || -1985.111808  | 0.0    | -1985.111808 
  2.00  |  168.00  |  160.00 || -1985.067  | 0.0    | -1985.067 
  2.00  |  168.00  |  180.00 || -1985.091133  | 0.0    | -1985.091133 
  2.00  |  168.00  |  200.00 || -1984.988534  | 0.0    | -1984.988534 
  2.00  |  168.00  |  220.00 || -1985.140412  | 0.0    | -1985.140412 
  2.00  |  168.00  |  240.00 || -1985.428758  | 0.0    | -1985.428758 
  2.00  |  168.00  |  260.00 || -1985.510192  | 0.0    | -1985.510192 
  2.00  |  168.00  |  280.00 || -1985.19921  | 0.0    | -1985.19921 
  2.00  |  168.00  |  300.00 || -1985.37242  | 0.0    | -1985.37242 
  2.00  |  168.00  |  320.00 || -1985.364297  | 0.0    | -1985.364297 
  2.00  |  168.00  |  340.00 || -1985.548525  | 0.0    | -1985.548525 
  2.00  |  172.00  |  0.00 || -1985.094227  | 0.0    | -1985.094227 
  2.00  |  172.00  |  20.00 || -1985.12179  | 0.0    | -1985.12179 
  2.00  |  172.00  |  40.00 || -1985.385015  | 0.0    | -1985.385015 
  2.00  |  172.00  |  60.00 || -1985.473553  | 0.0    | -1985.473553 
  2.00  |  172.00  |  80.00 || -1985.256758  | 0.0    | -1985.256758 
  2.00  |  172.00  |  100.00 || -1985.168118  | 0.0    | -1985.168118 
  2.00  |  172.00  |  120.00 || -1984.944052  | 0.0    | -1984.944052 
  2.00  |  172.00  |  140.00 || -1985.250484  | 0.0    | -1985.250484 
  2.00  |  172.00  |  160.00 || -1984.999157  | 0.0    | -1984.999157 
  2.00  |  172.00  |  180.00 || -1985.228237  | 0.0    | -1985.228237 
  2.00  |  172.00  |  200.00 || -1985.104215  | 0.0    | -1985.104215 
  2.00  |  172.00  |  220.00 || -1985.186232  | 0.0    | -1985.186232 
  2.00  |  172.00  |  240.00 || -1985.373203  | 0.0    | -1985.373203 
  2.00  |  172.00  |  260.00 || -1985.587141  | 0.0    | -1985.587141 
  2.00  |  172.00  |  280.00 || -1984.991444  | 0.0    | -1984.991444 
  2.00  |  172.00  |  300.00 || -1985.428673  | 0.0    | -1985.428673 
  2.00  |  172.00  |  320.00 || -1985.164865  | 0.0    | -1985.164865 
  2.00  |  172.00  |  340.00 || -1985.470624  | 0.0    | -1985.470624 
  2.00  |  176.00  |  0.00 || -1985.146587  | 0.0    | -1985.146587 
  2.00  |  176.00  |  20.00 || -1984.87681  | 0.0    | -1984.87681 
  2.00  |  176.00  |  40.00 || -1985.342874  | 0.0    | -1985.342874 
  2.00  |  176.00  |  60.00 || -1985.355016  | 0.0    | -1985.355016 
  2.00  |  176.00  |  80.00 || -1985.211504  | 0.0    | -1985.211504 
  2.00  |  176.00  |  100.00 || -1984.976674  | 0.0    | -1984.976674 
  2.00  |  176.00  |  120.00 || -1985.048816  | 0.0    | -1985.048816 
  2.00  |  176.00  |  140.00 || -1985.344964  | 0.0    | -1985.344964 
  2.00  |  176.00  |  160.00 || -1985.121476  | 0.0    | -1985.121476 
  2.00  |  176.00  |  180.00 || -1985.038491  | 0.0    | -1985.038491 
  2.00  |  176.00  |  200.00 || -1985.085438  | 0.0    | -1985.085438 
  2.00  |  176.00  |  220.00 || -1985.181822  | 0.0    | -1985.181822 
  2.00  |  176.00  |  240.00 || -1985.373557  | 0.0    | -1985.373557 
  2.00  |  176.00  |  260.00 || -1985.410812  | 0.0    | -1985.410812 
  2.00  |  176.00  |  280.00 || -1984.808067  | 0.0    | -1984.808067 
  2.00  |  176.00  |  300.00 || -1985.339664  | 0.0    | -1985.339664 
  2.00  |  176.00  |  320.00 || -1985.174506  | 0.0    | -1985.174506 
  2.00  |  176.00  |  340.00 || -1985.659491  | 0.0    | -1985.659491 
  2.00  |  180.00  |  0.00 || -1984.95334  | 0.0    | -1984.95334 
