
Parameter file:
Precision   double 
K           1
Nk          9
K_fine      19
thresold    0.5
BSZ         128
restart     200
tolerance   1e-5
max_iter    1000
P           4
eps         1e-12
NCRIT       500
theta       0.5
GPU         1

Protein file: 1fza_interaction/mesh/1fza_NanoShaper_d04
Sensor  file: NA
Phi     file: NA


Number of elements  : 367952 
Number of iterations: max: 52, min: 1, avg: 47 
Coulombic energy    : -96818962.930601 kcal/mol 
Total time          : max: 475.441803s, min: 118.585834s, avg: 440.166401s 

                    ||              kcal/mol
  h     | Tilt   |  Rotat  ||    Esolv      |    Esurf     |      Esurf+Esolv 
------------------------------------------------------------------------------ 
  2.00  |  0.00  |  0.00 || -1984.939649  | 0.0    | -1984.939649 
  2.00  |  4.00  |  0.00 || -1984.991101  | 0.0    | -1984.991101 
  2.00  |  4.00  |  20.00 || -1985.035136  | 0.0    | -1985.035136 
  2.00  |  4.00  |  40.00 || -1985.173628  | 0.0    | -1985.173628 
  2.00  |  4.00  |  60.00 || -1985.323964  | 0.0    | -1985.323964 
  2.00  |  4.00  |  80.00 || -1985.393519  | 0.0    | -1985.393519 
  2.00  |  4.00  |  100.00 || -1984.812155  | 0.0    | -1984.812155 
  2.00  |  4.00  |  120.00 || -1985.327242  | 0.0    | -1985.327242 
  2.00  |  4.00  |  140.00 || -1985.139042  | 0.0    | -1985.139042 
  2.00  |  4.00  |  160.00 || -1985.58519  | 0.0    | -1985.58519 
  2.00  |  4.00  |  180.00 || -1985.123226  | 0.0    | -1985.123226 
  2.00  |  4.00  |  200.00 || -1984.862804  | 0.0    | -1984.862804 
  2.00  |  4.00  |  220.00 || -1985.283189  | 0.0    | -1985.283189 
  2.00  |  4.00  |  240.00 || -1985.316691  | 0.0    | -1985.316691 
  2.00  |  4.00  |  260.00 || -1985.132907  | 0.0    | -1985.132907 
  2.00  |  4.00  |  280.00 || -1984.95147  | 0.0    | -1984.95147 
  2.00  |  4.00  |  300.00 || -1984.985324  | 0.0    | -1984.985324 
  2.00  |  4.00  |  320.00 || -1985.320686  | 0.0    | -1985.320686 
  2.00  |  4.00  |  340.00 || -1985.058212  | 0.0    | -1985.058212 
