
Parameter file:
Precision   double 
K           1
Nk          9
K_fine      19
thresold    0.5
BSZ         128
restart     200
tolerance   1e-5
max_iter    1000
P           4
eps         1e-12
NCRIT       500
theta       0.5
GPU         1

Protein file: 1fza_interaction/mesh/1fza_NanoShaper_d04
Sensor  file: NA
Phi     file: NA


Number of elements  : 367952 
Number of iterations: max: 52, min: 1, avg: 50 
Coulombic energy    : -96818962.681382 kcal/mol 
Total time          : max: 540.259436s, min: 128.521584s, avg: 513.177914s 

                    ||              kcal/mol
  h     | Tilt   |  Rotat  ||    Esolv      |    Esurf     |      Esurf+Esolv 
------------------------------------------------------------------------------ 
  2.00  |  44.00  |  0.00 || -1984.349866  | 0.0    | -1984.349866 
  2.00  |  44.00  |  20.00 || -1985.022601  | 0.0    | -1985.022601 
  2.00  |  44.00  |  40.00 || -1984.703409  | 0.0    | -1984.703409 
  2.00  |  44.00  |  60.00 || -1984.908412  | 0.0    | -1984.908412 
  2.00  |  44.00  |  80.00 || -1984.73791  | 0.0    | -1984.73791 
  2.00  |  44.00  |  100.00 || -1985.082216  | 0.0    | -1985.082216 
  2.00  |  44.00  |  120.00 || -1985.29829  | 0.0    | -1985.29829 
  2.00  |  44.00  |  140.00 || -1985.273585  | 0.0    | -1985.273585 
  2.00  |  44.00  |  160.00 || -1984.936743  | 0.0    | -1984.936743 
  2.00  |  44.00  |  180.00 || -1984.454758  | 0.0    | -1984.454758 
  2.00  |  44.00  |  200.00 || -1985.032681  | 0.0    | -1985.032681 
  2.00  |  44.00  |  220.00 || -1984.914506  | 0.0    | -1984.914506 
  2.00  |  44.00  |  240.00 || -1984.84811  | 0.0    | -1984.84811 
  2.00  |  44.00  |  260.00 || -1984.883399  | 0.0    | -1984.883399 
  2.00  |  44.00  |  280.00 || -1985.265861  | 0.0    | -1985.265861 
  2.00  |  44.00  |  300.00 || -1985.322489  | 0.0    | -1985.322489 
  2.00  |  44.00  |  320.00 || -1985.353523  | 0.0    | -1985.353523 
  2.00  |  44.00  |  340.00 || -1984.731825  | 0.0    | -1984.731825 
  2.00  |  48.00  |  0.00 || -1984.370339  | 0.0    | -1984.370339 
  2.00  |  48.00  |  20.00 || -1985.059837  | 0.0    | -1985.059837 
  2.00  |  48.00  |  40.00 || -1984.912826  | 0.0    | -1984.912826 
  2.00  |  48.00  |  60.00 || -1985.19588  | 0.0    | -1985.19588 
  2.00  |  48.00  |  80.00 || -1985.048993  | 0.0    | -1985.048993 
  2.00  |  48.00  |  100.00 || -1985.226588  | 0.0    | -1985.226588 
  2.00  |  48.00  |  120.00 || -1985.363833  | 0.0    | -1985.363833 
  2.00  |  48.00  |  140.00 || -1985.645442  | 0.0    | -1985.645442 
  2.00  |  48.00  |  160.00 || -1984.780261  | 0.0    | -1984.780261 
  2.00  |  48.00  |  180.00 || -1984.433258  | 0.0    | -1984.433258 
  2.00  |  48.00  |  200.00 || -1985.080681  | 0.0    | -1985.080681 
  2.00  |  48.00  |  220.00 || -1984.759484  | 0.0    | -1984.759484 
  2.00  |  48.00  |  240.00 || -1985.112917  | 0.0    | -1985.112917 
  2.00  |  48.00  |  260.00 || -1984.757032  | 0.0    | -1984.757032 
  2.00  |  48.00  |  280.00 || -1985.004986  | 0.0    | -1985.004986 
  2.00  |  48.00  |  300.00 || -1985.0601  | 0.0    | -1985.0601 
  2.00  |  48.00  |  320.00 || -1985.148622  | 0.0    | -1985.148622 
  2.00  |  48.00  |  340.00 || -1985.099546  | 0.0    | -1985.099546 
  2.00  |  52.00  |  0.00 || -1984.878748  | 0.0    | -1984.878748 
  2.00  |  52.00  |  20.00 || -1984.986069  | 0.0    | -1984.986069 
  2.00  |  52.00  |  40.00 || -1985.259739  | 0.0    | -1985.259739 
  2.00  |  52.00  |  60.00 || -1985.173904  | 0.0    | -1985.173904 
  2.00  |  52.00  |  80.00 || -1984.552174  | 0.0    | -1984.552174 
  2.00  |  52.00  |  100.00 || -1985.076606  | 0.0    | -1985.076606 
  2.00  |  52.00  |  120.00 || -1985.191057  | 0.0    | -1985.191057 
  2.00  |  52.00  |  140.00 || -1985.107462  | 0.0    | -1985.107462 
  2.00  |  52.00  |  160.00 || -1984.611327  | 0.0    | -1984.611327 
  2.00  |  52.00  |  180.00 || -1984.552487  | 0.0    | -1984.552487 
  2.00  |  52.00  |  200.00 || -1985.010473  | 0.0    | -1985.010473 
  2.00  |  52.00  |  220.00 || -1984.67024  | 0.0    | -1984.67024 
  2.00  |  52.00  |  240.00 || -1985.129668  | 0.0    | -1985.129668 
  2.00  |  52.00  |  260.00 || -1985.070239  | 0.0    | -1985.070239 
  2.00  |  52.00  |  280.00 || -1985.09428  | 0.0    | -1985.09428 
  2.00  |  52.00  |  300.00 || -1985.085289  | 0.0    | -1985.085289 
  2.00  |  52.00  |  320.00 || -1985.365967  | 0.0    | -1985.365967 
  2.00  |  52.00  |  340.00 || -1985.593526  | 0.0    | -1985.593526 
  2.00  |  56.00  |  0.00 || -1985.266118  | 0.0    | -1985.266118 
  2.00  |  56.00  |  20.00 || -1985.049627  | 0.0    | -1985.049627 
  2.00  |  56.00  |  40.00 || -1985.394432  | 0.0    | -1985.394432 
  2.00  |  56.00  |  60.00 || -1985.428288  | 0.0    | -1985.428288 
  2.00  |  56.00  |  80.00 || -1984.583578  | 0.0    | -1984.583578 
  2.00  |  56.00  |  100.00 || -1985.028881  | 0.0    | -1985.028881 
  2.00  |  56.00  |  120.00 || -1985.283426  | 0.0    | -1985.283426 
  2.00  |  56.00  |  140.00 || -1984.844185  | 0.0    | -1984.844185 
  2.00  |  56.00  |  160.00 || -1984.482731  | 0.0    | -1984.482731 
  2.00  |  56.00  |  180.00 || -1985.016727  | 0.0    | -1985.016727 
  2.00  |  56.00  |  200.00 || -1985.176111  | 0.0    | -1985.176111 
  2.00  |  56.00  |  220.00 || -1984.959185  | 0.0    | -1984.959185 
  2.00  |  56.00  |  240.00 || -1985.026161  | 0.0    | -1985.026161 
  2.00  |  56.00  |  260.00 || -1985.173801  | 0.0    | -1985.173801 
  2.00  |  56.00  |  280.00 || -1985.309289  | 0.0    | -1985.309289 
  2.00  |  56.00  |  300.00 || -1984.855486  | 0.0    | -1984.855486 
  2.00  |  56.00  |  320.00 || -1984.919296  | 0.0    | -1984.919296 
  2.00  |  56.00  |  340.00 || -1985.551614  | 0.0    | -1985.551614 
  2.00  |  60.00  |  0.00 || -1985.059736  | 0.0    | -1985.059736 
  2.00  |  60.00  |  20.00 || -1984.718393  | 0.0    | -1984.718393 
  2.00  |  60.00  |  40.00 || -1985.43912  | 0.0    | -1985.43912 
  2.00  |  60.00  |  60.00 || -1985.209421  | 0.0    | -1985.209421 
  2.00  |  60.00  |  80.00 || -1984.499751  | 0.0    | -1984.499751 
  2.00  |  60.00  |  100.00 || -1985.389277  | 0.0    | -1985.389277 
  2.00  |  60.00  |  120.00 || -1985.134538  | 0.0    | -1985.134538 
  2.00  |  60.00  |  140.00 || -1985.112661  | 0.0    | -1985.112661 
  2.00  |  60.00  |  160.00 || -1984.351603  | 0.0    | -1984.351603 
  2.00  |  60.00  |  180.00 || -1984.726449  | 0.0    | -1984.726449 
  2.00  |  60.00  |  200.00 || -1985.252807  | 0.0    | -1985.252807 
  2.00  |  60.00  |  220.00 || -1984.861098  | 0.0    | -1984.861098 
  2.00  |  60.00  |  240.00 || -1984.879116  | 0.0    | -1984.879116 
  2.00  |  60.00  |  260.00 || -1985.493246  | 0.0    | -1985.493246 
  2.00  |  60.00  |  280.00 || -1985.471371  | 0.0    | -1985.471371 
  2.00  |  60.00  |  300.00 || -1984.913946  | 0.0    | -1984.913946 
  2.00  |  60.00  |  320.00 || -1984.951917  | 0.0    | -1984.951917 
  2.00  |  60.00  |  340.00 || -1985.505203  | 0.0    | -1985.505203 
  2.00  |  64.00  |  0.00 || -1985.151425  | 0.0    | -1985.151425 
  2.00  |  64.00  |  20.00 || -1984.706557  | 0.0    | -1984.706557 
  2.00  |  64.00  |  40.00 || -1985.58816  | 0.0    | -1985.58816 
  2.00  |  64.00  |  60.00 || -1985.093831  | 0.0    | -1985.093831 
  2.00  |  64.00  |  80.00 || -1984.453307  | 0.0    | -1984.453307 
  2.00  |  64.00  |  100.00 || -1985.476137  | 0.0    | -1985.476137 
  2.00  |  64.00  |  120.00 || -1985.306782  | 0.0    | -1985.306782 
  2.00  |  64.00  |  140.00 || -1984.9195  | 0.0    | -1984.9195 
  2.00  |  64.00  |  160.00 || -1984.949154  | 0.0    | -1984.949154 
  2.00  |  64.00  |  180.00 || -1984.928358  | 0.0    | -1984.928358 
  2.00  |  64.00  |  200.00 || -1985.089299  | 0.0    | -1985.089299 
  2.00  |  64.00  |  220.00 || -1984.832144  | 0.0    | -1984.832144 
  2.00  |  64.00  |  240.00 || -1985.062659  | 0.0    | -1985.062659 
  2.00  |  64.00  |  260.00 || -1985.819917  | 0.0    | -1985.819917 
  2.00  |  64.00  |  280.00 || -1985.60228  | 0.0    | -1985.60228 
  2.00  |  64.00  |  300.00 || -1985.067592  | 0.0    | -1985.067592 
  2.00  |  64.00  |  320.00 || -1984.908873  | 0.0    | -1984.908873 
  2.00  |  64.00  |  340.00 || -1985.569065  | 0.0    | -1985.569065 
  2.00  |  68.00  |  0.00 || -1984.530773  | 0.0    | -1984.530773 
  2.00  |  68.00  |  20.00 || -1984.710631  | 0.0    | -1984.710631 
  2.00  |  68.00  |  40.00 || -1985.241439  | 0.0    | -1985.241439 
  2.00  |  68.00  |  60.00 || -1985.371691  | 0.0    | -1985.371691 
  2.00  |  68.00  |  80.00 || -1984.312515  | 0.0    | -1984.312515 
  2.00  |  68.00  |  100.00 || -1985.508526  | 0.0    | -1985.508526 
  2.00  |  68.00  |  120.00 || -1985.167261  | 0.0    | -1985.167261 
  2.00  |  68.00  |  140.00 || -1984.590575  | 0.0    | -1984.590575 
  2.00  |  68.00  |  160.00 || -1984.729239  | 0.0    | -1984.729239 
  2.00  |  68.00  |  180.00 || -1985.099816  | 0.0    | -1985.099816 
  2.00  |  68.00  |  200.00 || -1985.055684  | 0.0    | -1985.055684 
  2.00  |  68.00  |  220.00 || -1984.907498  | 0.0    | -1984.907498 
  2.00  |  68.00  |  240.00 || -1985.436112  | 0.0    | -1985.436112 
  2.00  |  68.00  |  260.00 || -1985.636973  | 0.0    | -1985.636973 
  2.00  |  68.00  |  280.00 || -1985.342169  | 0.0    | -1985.342169 
  2.00  |  68.00  |  300.00 || -1984.542918  | 0.0    | -1984.542918 
  2.00  |  68.00  |  320.00 || -1985.04045  | 0.0    | -1985.04045 
  2.00  |  68.00  |  340.00 || -1985.756983  | 0.0    | -1985.756983 
  2.00  |  72.00  |  0.00 || -1984.769899  | 0.0    | -1984.769899 
  2.00  |  72.00  |  20.00 || -1984.614622  | 0.0    | -1984.614622 
  2.00  |  72.00  |  40.00 || -1984.955611  | 0.0    | -1984.955611 
  2.00  |  72.00  |  60.00 || -1985.554574  | 0.0    | -1985.554574 
  2.00  |  72.00  |  80.00 || -1984.833086  | 0.0    | -1984.833086 
  2.00  |  72.00  |  100.00 || -1985.261757  | 0.0    | -1985.261757 
  2.00  |  72.00  |  120.00 || -1985.354946  | 0.0    | -1985.354946 
  2.00  |  72.00  |  140.00 || -1984.892557  | 0.0    | -1984.892557 
  2.00  |  72.00  |  160.00 || -1984.716675  | 0.0    | -1984.716675 
  2.00  |  72.00  |  180.00 || -1984.95529  | 0.0    | -1984.95529 
  2.00  |  72.00  |  200.00 || -1984.935117  | 0.0    | -1984.935117 
  2.00  |  72.00  |  220.00 || -1984.787507  | 0.0    | -1984.787507 
  2.00  |  72.00  |  240.00 || -1985.443855  | 0.0    | -1985.443855 
  2.00  |  72.00  |  260.00 || -1985.492605  | 0.0    | -1985.492605 
  2.00  |  72.00  |  280.00 || -1985.070961  | 0.0    | -1985.070961 
  2.00  |  72.00  |  300.00 || -1984.853846  | 0.0    | -1984.853846 
  2.00  |  72.00  |  320.00 || -1985.41811  | 0.0    | -1985.41811 
  2.00  |  72.00  |  340.00 || -1985.667403  | 0.0    | -1985.667403 
  2.00  |  76.00  |  0.00 || -1984.902371  | 0.0    | -1984.902371 
  2.00  |  76.00  |  20.00 || -1984.78209  | 0.0    | -1984.78209 
  2.00  |  76.00  |  40.00 || -1985.146339  | 0.0    | -1985.146339 
  2.00  |  76.00  |  60.00 || -1985.538432  | 0.0    | -1985.538432 
  2.00  |  76.00  |  80.00 || -1985.347116  | 0.0    | -1985.347116 
  2.00  |  76.00  |  100.00 || -1985.039311  | 0.0    | -1985.039311 
  2.00  |  76.00  |  120.00 || -1985.347057  | 0.0    | -1985.347057 
  2.00  |  76.00  |  140.00 || -1985.156222  | 0.0    | -1985.156222 
  2.00  |  76.00  |  160.00 || -1985.150217  | 0.0    | -1985.150217 
  2.00  |  76.00  |  180.00 || -1985.066012  | 0.0    | -1985.066012 
  2.00  |  76.00  |  200.00 || -1984.923019  | 0.0    | -1984.923019 
  2.00  |  76.00  |  220.00 || -1985.007694  | 0.0    | -1985.007694 
  2.00  |  76.00  |  240.00 || -1985.321016  | 0.0    | -1985.321016 
  2.00  |  76.00  |  260.00 || -1985.627407  | 0.0    | -1985.627407 
  2.00  |  76.00  |  280.00 || -1985.369808  | 0.0    | -1985.369808 
  2.00  |  76.00  |  300.00 || -1985.389004  | 0.0    | -1985.389004 
  2.00  |  76.00  |  320.00 || -1985.443325  | 0.0    | -1985.443325 
  2.00  |  76.00  |  340.00 || -1986.009409  | 0.0    | -1986.009409 
