
Parameter file:
Precision   double 
K           1
Nk          9
K_fine      19
thresold    0.5
BSZ         128
restart     200
tolerance   1e-5
max_iter    1000
P           4
eps         1e-12
NCRIT       500
theta       0.5
GPU         1

Protein file: 1fza_interaction/mesh/1fza_NanoShaper_d04
Sensor  file: NA
Phi     file: NA


Number of elements  : 367952 
Number of iterations: max: 52, min: 1, avg: 50 
Coulombic energy    : -96818963.231094 kcal/mol 
Total time          : max: 536.050728s, min: 133.266673s, avg: 495.228751s 

                    ||              kcal/mol
  h     | Tilt   |  Rotat  ||    Esolv      |    Esurf     |      Esurf+Esolv 
------------------------------------------------------------------------------ 
  2.00  |  116.00  |  0.00 || -1984.853929  | 0.0    | -1984.853929 
  2.00  |  116.00  |  20.00 || -1985.005857  | 0.0    | -1985.005857 
  2.00  |  116.00  |  40.00 || -1984.784461  | 0.0    | -1984.784461 
  2.00  |  116.00  |  60.00 || -1985.036066  | 0.0    | -1985.036066 
  2.00  |  116.00  |  80.00 || -1985.83158  | 0.0    | -1985.83158 
  2.00  |  116.00  |  100.00 || -1985.673666  | 0.0    | -1985.673666 
  2.00  |  116.00  |  120.00 || -1985.061326  | 0.0    | -1985.061326 
  2.00  |  116.00  |  140.00 || -1984.864056  | 0.0    | -1984.864056 
  2.00  |  116.00  |  160.00 || -1985.644384  | 0.0    | -1985.644384 
  2.00  |  116.00  |  180.00 || -1985.148162  | 0.0    | -1985.148162 
  2.00  |  116.00  |  200.00 || -1984.778666  | 0.0    | -1984.778666 
  2.00  |  116.00  |  220.00 || -1985.623882  | 0.0    | -1985.623882 
  2.00  |  116.00  |  240.00 || -1985.16131  | 0.0    | -1985.16131 
  2.00  |  116.00  |  260.00 || -1984.514508  | 0.0    | -1984.514508 
  2.00  |  116.00  |  280.00 || -1985.536238  | 0.0    | -1985.536238 
  2.00  |  116.00  |  300.00 || -1985.352617  | 0.0    | -1985.352617 
  2.00  |  116.00  |  320.00 || -1984.891822  | 0.0    | -1984.891822 
  2.00  |  116.00  |  340.00 || -1984.906891  | 0.0    | -1984.906891 
  2.00  |  120.00  |  0.00 || -1984.661275  | 0.0    | -1984.661275 
  2.00  |  120.00  |  20.00 || -1985.179593  | 0.0    | -1985.179593 
  2.00  |  120.00  |  40.00 || -1984.860946  | 0.0    | -1984.860946 
  2.00  |  120.00  |  60.00 || -1984.775599  | 0.0    | -1984.775599 
  2.00  |  120.00  |  80.00 || -1985.473308  | 0.0    | -1985.473308 
  2.00  |  120.00  |  100.00 || -1985.506581  | 0.0    | -1985.506581 
  2.00  |  120.00  |  120.00 || -1984.884728  | 0.0    | -1984.884728 
  2.00  |  120.00  |  140.00 || -1984.935996  | 0.0    | -1984.935996 
  2.00  |  120.00  |  160.00 || -1985.627668  | 0.0    | -1985.627668 
  2.00  |  120.00  |  180.00 || -1985.076024  | 0.0    | -1985.076024 
  2.00  |  120.00  |  200.00 || -1984.824455  | 0.0    | -1984.824455 
  2.00  |  120.00  |  220.00 || -1985.515874  | 0.0    | -1985.515874 
  2.00  |  120.00  |  240.00 || -1985.238619  | 0.0    | -1985.238619 
  2.00  |  120.00  |  260.00 || -1984.557382  | 0.0    | -1984.557382 
  2.00  |  120.00  |  280.00 || -1985.412496  | 0.0    | -1985.412496 
  2.00  |  120.00  |  300.00 || -1985.196684  | 0.0    | -1985.196684 
  2.00  |  120.00  |  320.00 || -1985.108072  | 0.0    | -1985.108072 
  2.00  |  120.00  |  340.00 || -1984.322259  | 0.0    | -1984.322259 
  2.00  |  124.00  |  0.00 || -1984.869413  | 0.0    | -1984.869413 
  2.00  |  124.00  |  20.00 || -1985.116771  | 0.0    | -1985.116771 
  2.00  |  124.00  |  40.00 || -1984.840239  | 0.0    | -1984.840239 
  2.00  |  124.00  |  60.00 || -1984.913424  | 0.0    | -1984.913424 
  2.00  |  124.00  |  80.00 || -1985.112218  | 0.0    | -1985.112218 
  2.00  |  124.00  |  100.00 || -1985.277146  | 0.0    | -1985.277146 
  2.00  |  124.00  |  120.00 || -1984.856422  | 0.0    | -1984.856422 
  2.00  |  124.00  |  140.00 || -1984.984097  | 0.0    | -1984.984097 
  2.00  |  124.00  |  160.00 || -1985.524399  | 0.0    | -1985.524399 
  2.00  |  124.00  |  180.00 || -1985.360422  | 0.0    | -1985.360422 
  2.00  |  124.00  |  200.00 || -1985.091667  | 0.0    | -1985.091667 
  2.00  |  124.00  |  220.00 || -1985.48684  | 0.0    | -1985.48684 
  2.00  |  124.00  |  240.00 || -1985.491344  | 0.0    | -1985.491344 
  2.00  |  124.00  |  260.00 || -1984.608784  | 0.0    | -1984.608784 
  2.00  |  124.00  |  280.00 || -1985.081398  | 0.0    | -1985.081398 
  2.00  |  124.00  |  300.00 || -1985.299125  | 0.0    | -1985.299125 
  2.00  |  124.00  |  320.00 || -1984.832162  | 0.0    | -1984.832162 
  2.00  |  124.00  |  340.00 || -1984.405292  | 0.0    | -1984.405292 
  2.00  |  128.00  |  0.00 || -1984.512809  | 0.0    | -1984.512809 
  2.00  |  128.00  |  20.00 || -1984.974815  | 0.0    | -1984.974815 
  2.00  |  128.00  |  40.00 || -1984.573495  | 0.0    | -1984.573495 
  2.00  |  128.00  |  60.00 || -1985.031713  | 0.0    | -1985.031713 
  2.00  |  128.00  |  80.00 || -1984.988133  | 0.0    | -1984.988133 
  2.00  |  128.00  |  100.00 || -1985.007635  | 0.0    | -1985.007635 
  2.00  |  128.00  |  120.00 || -1985.045097  | 0.0    | -1985.045097 
  2.00  |  128.00  |  140.00 || -1985.381719  | 0.0    | -1985.381719 
  2.00  |  128.00  |  160.00 || -1985.648386  | 0.0    | -1985.648386 
  2.00  |  128.00  |  180.00 || -1985.007241  | 0.0    | -1985.007241 
  2.00  |  128.00  |  200.00 || -1985.095362  | 0.0    | -1985.095362 
  2.00  |  128.00  |  220.00 || -1985.254779  | 0.0    | -1985.254779 
  2.00  |  128.00  |  240.00 || -1985.219362  | 0.0    | -1985.219362 
  2.00  |  128.00  |  260.00 || -1984.582036  | 0.0    | -1984.582036 
  2.00  |  128.00  |  280.00 || -1985.03947  | 0.0    | -1985.03947 
  2.00  |  128.00  |  300.00 || -1985.248547  | 0.0    | -1985.248547 
  2.00  |  128.00  |  320.00 || -1985.132052  | 0.0    | -1985.132052 
  2.00  |  128.00  |  340.00 || -1984.553195  | 0.0    | -1984.553195 
  2.00  |  132.00  |  0.00 || -1984.385989  | 0.0    | -1984.385989 
  2.00  |  132.00  |  20.00 || -1985.026463  | 0.0    | -1985.026463 
  2.00  |  132.00  |  40.00 || -1984.709156  | 0.0    | -1984.709156 
  2.00  |  132.00  |  60.00 || -1985.04671  | 0.0    | -1985.04671 
  2.00  |  132.00  |  80.00 || -1984.685281  | 0.0    | -1984.685281 
  2.00  |  132.00  |  100.00 || -1984.94586  | 0.0    | -1984.94586 
  2.00  |  132.00  |  120.00 || -1985.059987  | 0.0    | -1985.059987 
  2.00  |  132.00  |  140.00 || -1985.164932  | 0.0    | -1985.164932 
  2.00  |  132.00  |  160.00 || -1985.191628  | 0.0    | -1985.191628 
  2.00  |  132.00  |  180.00 || -1984.508112  | 0.0    | -1984.508112 
  2.00  |  132.00  |  200.00 || -1985.185625  | 0.0    | -1985.185625 
  2.00  |  132.00  |  220.00 || -1984.962296  | 0.0    | -1984.962296 
  2.00  |  132.00  |  240.00 || -1985.259319  | 0.0    | -1985.259319 
  2.00  |  132.00  |  260.00 || -1985.074558  | 0.0    | -1985.074558 
  2.00  |  132.00  |  280.00 || -1985.27108  | 0.0    | -1985.27108 
  2.00  |  132.00  |  300.00 || -1985.431309  | 0.0    | -1985.431309 
  2.00  |  132.00  |  320.00 || -1985.596034  | 0.0    | -1985.596034 
  2.00  |  132.00  |  340.00 || -1984.769948  | 0.0    | -1984.769948 
  2.00  |  136.00  |  0.00 || -1984.398953  | 0.0    | -1984.398953 
  2.00  |  136.00  |  20.00 || -1985.00345  | 0.0    | -1985.00345 
  2.00  |  136.00  |  40.00 || -1984.805673  | 0.0    | -1984.805673 
  2.00  |  136.00  |  60.00 || -1984.794805  | 0.0    | -1984.794805 
  2.00  |  136.00  |  80.00 || -1984.784173  | 0.0    | -1984.784173 
  2.00  |  136.00  |  100.00 || -1985.247523  | 0.0    | -1985.247523 
  2.00  |  136.00  |  120.00 || -1985.346845  | 0.0    | -1985.346845 
  2.00  |  136.00  |  140.00 || -1985.321643  | 0.0    | -1985.321643 
  2.00  |  136.00  |  160.00 || -1984.776869  | 0.0    | -1984.776869 
  2.00  |  136.00  |  180.00 || -1984.399414  | 0.0    | -1984.399414 
  2.00  |  136.00  |  200.00 || -1985.182623  | 0.0    | -1985.182623 
  2.00  |  136.00  |  220.00 || -1984.762274  | 0.0    | -1984.762274 
  2.00  |  136.00  |  240.00 || -1984.922345  | 0.0    | -1984.922345 
  2.00  |  136.00  |  260.00 || -1984.782481  | 0.0    | -1984.782481 
  2.00  |  136.00  |  280.00 || -1985.167644  | 0.0    | -1985.167644 
  2.00  |  136.00  |  300.00 || -1985.346055  | 0.0    | -1985.346055 
  2.00  |  136.00  |  320.00 || -1985.274574  | 0.0    | -1985.274574 
  2.00  |  136.00  |  340.00 || -1984.82614  | 0.0    | -1984.82614 
  2.00  |  140.00  |  0.00 || -1984.591129  | 0.0    | -1984.591129 
  2.00  |  140.00  |  20.00 || -1985.067284  | 0.0    | -1985.067284 
  2.00  |  140.00  |  40.00 || -1985.002288  | 0.0    | -1985.002288 
  2.00  |  140.00  |  60.00 || -1985.030287  | 0.0    | -1985.030287 
  2.00  |  140.00  |  80.00 || -1984.90149  | 0.0    | -1984.90149 
  2.00  |  140.00  |  100.00 || -1985.14014  | 0.0    | -1985.14014 
  2.00  |  140.00  |  120.00 || -1985.310214  | 0.0    | -1985.310214 
  2.00  |  140.00  |  140.00 || -1985.46805  | 0.0    | -1985.46805 
  2.00  |  140.00  |  160.00 || -1984.65526  | 0.0    | -1984.65526 
  2.00  |  140.00  |  180.00 || -1984.574404  | 0.0    | -1984.574404 
  2.00  |  140.00  |  200.00 || -1984.898891  | 0.0    | -1984.898891 
  2.00  |  140.00  |  220.00 || -1984.789273  | 0.0    | -1984.789273 
  2.00  |  140.00  |  240.00 || -1985.047184  | 0.0    | -1985.047184 
  2.00  |  140.00  |  260.00 || -1984.852336  | 0.0    | -1984.852336 
  2.00  |  140.00  |  280.00 || -1984.918381  | 0.0    | -1984.918381 
  2.00  |  140.00  |  300.00 || -1985.123606  | 0.0    | -1985.123606 
  2.00  |  140.00  |  320.00 || -1985.171476  | 0.0    | -1985.171476 
  2.00  |  140.00  |  340.00 || -1985.25665  | 0.0    | -1985.25665 
  2.00  |  144.00  |  0.00 || -1985.022045  | 0.0    | -1985.022045 
  2.00  |  144.00  |  20.00 || -1984.969066  | 0.0    | -1984.969066 
  2.00  |  144.00  |  40.00 || -1985.205691  | 0.0    | -1985.205691 
  2.00  |  144.00  |  60.00 || -1985.320112  | 0.0    | -1985.320112 
  2.00  |  144.00  |  80.00 || -1984.502622  | 0.0    | -1984.502622 
  2.00  |  144.00  |  100.00 || -1984.972746  | 0.0    | -1984.972746 
  2.00  |  144.00  |  120.00 || -1985.198436  | 0.0    | -1985.198436 
  2.00  |  144.00  |  140.00 || -1984.920829  | 0.0    | -1984.920829 
  2.00  |  144.00  |  160.00 || -1984.654873  | 0.0    | -1984.654873 
  2.00  |  144.00  |  180.00 || -1984.879549  | 0.0    | -1984.879549 
  2.00  |  144.00  |  200.00 || -1985.070426  | 0.0    | -1985.070426 
  2.00  |  144.00  |  220.00 || -1984.903315  | 0.0    | -1984.903315 
  2.00  |  144.00  |  240.00 || -1985.220636  | 0.0    | -1985.220636 
  2.00  |  144.00  |  260.00 || -1985.235724  | 0.0    | -1985.235724 
  2.00  |  144.00  |  280.00 || -1985.212781  | 0.0    | -1985.212781 
  2.00  |  144.00  |  300.00 || -1985.024229  | 0.0    | -1985.024229 
  2.00  |  144.00  |  320.00 || -1985.297228  | 0.0    | -1985.297228 
  2.00  |  144.00  |  340.00 || -1985.530533  | 0.0    | -1985.530533 
  2.00  |  148.00  |  0.00 || -1985.17481  | 0.0    | -1985.17481 
  2.00  |  148.00  |  20.00 || -1984.935375  | 0.0    | -1984.935375 
  2.00  |  148.00  |  40.00 || -1985.45144  | 0.0    | -1985.45144 
  2.00  |  148.00  |  60.00 || -1985.264946  | 0.0    | -1985.264946 
  2.00  |  148.00  |  80.00 || -1984.642658  | 0.0    | -1984.642658 
  2.00  |  148.00  |  100.00 || -1985.226957  | 0.0    | -1985.226957 
  2.00  |  148.00  |  120.00 || -1985.176609  | 0.0    | -1985.176609 
  2.00  |  148.00  |  140.00 || -1984.925077  | 0.0    | -1984.925077 
  2.00  |  148.00  |  160.00 || -1984.33136  | 0.0    | -1984.33136 
  2.00  |  148.00  |  180.00 || -1984.930583  | 0.0    | -1984.930583 
  2.00  |  148.00  |  200.00 || -1985.185262  | 0.0    | -1985.185262 
  2.00  |  148.00  |  220.00 || -1984.915852  | 0.0    | -1984.915852 
  2.00  |  148.00  |  240.00 || -1984.947093  | 0.0    | -1984.947093 
  2.00  |  148.00  |  260.00 || -1985.252592  | 0.0    | -1985.252592 
  2.00  |  148.00  |  280.00 || -1985.623598  | 0.0    | -1985.623598 
  2.00  |  148.00  |  300.00 || -1984.968881  | 0.0    | -1984.968881 
  2.00  |  148.00  |  320.00 || -1984.72599  | 0.0    | -1984.72599 
  2.00  |  148.00  |  340.00 || -1985.546725  | 0.0    | -1985.546725 
