
Parameter file:
Precision   double 
K           1
Nk          9
K_fine      19
thresold    0.5
BSZ         128
restart     200
tolerance   1e-5
max_iter    1000
P           4
eps         1e-12
NCRIT       500
theta       0.5
GPU         1

Protein file: 1fza_interaction/mesh/1fza_NanoShaper_d04
Sensor  file: NA
Phi     file: NA


Number of elements  : 367952 
Number of iterations: max: 52, min: 1, avg: 50 
Coulombic energy    : -96818962.838707 kcal/mol 
Total time          : max: 516.735321s, min: 120.668709s, avg: 461.522239s 

                    ||              kcal/mol
  h     | Tilt   |  Rotat  ||    Esolv      |    Esurf     |      Esurf+Esolv 
------------------------------------------------------------------------------ 
  2.00  |  8.00  |  0.00 || -1985.204522  | 0.0    | -1985.204522 
  2.00  |  8.00  |  20.00 || -1985.084487  | 0.0    | -1985.084487 
  2.00  |  8.00  |  40.00 || -1985.147572  | 0.0    | -1985.147572 
  2.00  |  8.00  |  60.00 || -1985.336047  | 0.0    | -1985.336047 
  2.00  |  8.00  |  80.00 || -1985.574239  | 0.0    | -1985.574239 
  2.00  |  8.00  |  100.00 || -1984.970549  | 0.0    | -1984.970549 
  2.00  |  8.00  |  120.00 || -1985.415213  | 0.0    | -1985.415213 
  2.00  |  8.00  |  140.00 || -1985.16247  | 0.0    | -1985.16247 
  2.00  |  8.00  |  160.00 || -1985.482786  | 0.0    | -1985.482786 
  2.00  |  8.00  |  180.00 || -1985.035904  | 0.0    | -1985.035904 
  2.00  |  8.00  |  200.00 || -1985.065439  | 0.0    | -1985.065439 
  2.00  |  8.00  |  220.00 || -1985.355666  | 0.0    | -1985.355666 
  2.00  |  8.00  |  240.00 || -1985.464669  | 0.0    | -1985.464669 
  2.00  |  8.00  |  260.00 || -1985.189883  | 0.0    | -1985.189883 
  2.00  |  8.00  |  280.00 || -1985.109748  | 0.0    | -1985.109748 
  2.00  |  8.00  |  300.00 || -1984.933651  | 0.0    | -1984.933651 
  2.00  |  8.00  |  320.00 || -1985.31753  | 0.0    | -1985.31753 
  2.00  |  8.00  |  340.00 || -1984.923206  | 0.0    | -1984.923206 
  2.00  |  12.00  |  0.00 || -1985.065463  | 0.0    | -1985.065463 
  2.00  |  12.00  |  20.00 || -1984.963033  | 0.0    | -1984.963033 
  2.00  |  12.00  |  40.00 || -1985.010746  | 0.0    | -1985.010746 
  2.00  |  12.00  |  60.00 || -1985.396421  | 0.0    | -1985.396421 
  2.00  |  12.00  |  80.00 || -1985.499499  | 0.0    | -1985.499499 
  2.00  |  12.00  |  100.00 || -1985.155144  | 0.0    | -1985.155144 
  2.00  |  12.00  |  120.00 || -1985.371866  | 0.0    | -1985.371866 
  2.00  |  12.00  |  140.00 || -1985.371029  | 0.0    | -1985.371029 
  2.00  |  12.00  |  160.00 || -1985.564073  | 0.0    | -1985.564073 
  2.00  |  12.00  |  180.00 || -1985.074127  | 0.0    | -1985.074127 
  2.00  |  12.00  |  200.00 || -1985.00649  | 0.0    | -1985.00649 
  2.00  |  12.00  |  220.00 || -1985.236661  | 0.0    | -1985.236661 
  2.00  |  12.00  |  240.00 || -1985.545825  | 0.0    | -1985.545825 
  2.00  |  12.00  |  260.00 || -1985.255153  | 0.0    | -1985.255153 
  2.00  |  12.00  |  280.00 || -1985.022646  | 0.0    | -1985.022646 
  2.00  |  12.00  |  300.00 || -1985.272745  | 0.0    | -1985.272745 
  2.00  |  12.00  |  320.00 || -1985.040459  | 0.0    | -1985.040459 
  2.00  |  12.00  |  340.00 || -1985.013399  | 0.0    | -1985.013399 
  2.00  |  16.00  |  0.00 || -1984.86899  | 0.0    | -1984.86899 
  2.00  |  16.00  |  20.00 || -1985.038867  | 0.0    | -1985.038867 
  2.00  |  16.00  |  40.00 || -1984.806877  | 0.0    | -1984.806877 
  2.00  |  16.00  |  60.00 || -1985.466432  | 0.0    | -1985.466432 
  2.00  |  16.00  |  80.00 || -1985.656187  | 0.0    | -1985.656187 
  2.00  |  16.00  |  100.00 || -1985.15149  | 0.0    | -1985.15149 
  2.00  |  16.00  |  120.00 || -1985.168513  | 0.0    | -1985.168513 
  2.00  |  16.00  |  140.00 || -1985.506725  | 0.0    | -1985.506725 
  2.00  |  16.00  |  160.00 || -1985.773238  | 0.0    | -1985.773238 
  2.00  |  16.00  |  180.00 || -1984.844936  | 0.0    | -1984.844936 
  2.00  |  16.00  |  200.00 || -1984.611117  | 0.0    | -1984.611117 
  2.00  |  16.00  |  220.00 || -1985.010155  | 0.0    | -1985.010155 
  2.00  |  16.00  |  240.00 || -1985.445279  | 0.0    | -1985.445279 
  2.00  |  16.00  |  260.00 || -1985.220849  | 0.0    | -1985.220849 
  2.00  |  16.00  |  280.00 || -1985.082815  | 0.0    | -1985.082815 
  2.00  |  16.00  |  300.00 || -1985.360423  | 0.0    | -1985.360423 
  2.00  |  16.00  |  320.00 || -1985.017256  | 0.0    | -1985.017256 
  2.00  |  16.00  |  340.00 || -1984.852426  | 0.0    | -1984.852426 
  2.00  |  20.00  |  0.00 || -1985.024583  | 0.0    | -1985.024583 
  2.00  |  20.00  |  20.00 || -1984.935389  | 0.0    | -1984.935389 
  2.00  |  20.00  |  40.00 || -1984.692818  | 0.0    | -1984.692818 
  2.00  |  20.00  |  60.00 || -1985.448466  | 0.0    | -1985.448466 
  2.00  |  20.00  |  80.00 || -1985.422074  | 0.0    | -1985.422074 
  2.00  |  20.00  |  100.00 || -1985.180856  | 0.0    | -1985.180856 
  2.00  |  20.00  |  120.00 || -1984.745156  | 0.0    | -1984.745156 
  2.00  |  20.00  |  140.00 || -1985.08861  | 0.0    | -1985.08861 
  2.00  |  20.00  |  160.00 || -1985.907507  | 0.0    | -1985.907507 
  2.00  |  20.00  |  180.00 || -1984.766218  | 0.0    | -1984.766218 
  2.00  |  20.00  |  200.00 || -1984.660387  | 0.0    | -1984.660387 
  2.00  |  20.00  |  220.00 || -1985.22342  | 0.0    | -1985.22342 
  2.00  |  20.00  |  240.00 || -1985.49125  | 0.0    | -1985.49125 
  2.00  |  20.00  |  260.00 || -1984.632724  | 0.0    | -1984.632724 
  2.00  |  20.00  |  280.00 || -1985.446642  | 0.0    | -1985.446642 
  2.00  |  20.00  |  300.00 || -1985.125403  | 0.0    | -1985.125403 
  2.00  |  20.00  |  320.00 || -1984.791228  | 0.0    | -1984.791228 
  2.00  |  20.00  |  340.00 || -1984.558468  | 0.0    | -1984.558468 
  2.00  |  24.00  |  0.00 || -1984.990644  | 0.0    | -1984.990644 
  2.00  |  24.00  |  20.00 || -1985.109767  | 0.0    | -1985.109767 
  2.00  |  24.00  |  40.00 || -1984.967941  | 0.0    | -1984.967941 
  2.00  |  24.00  |  60.00 || -1985.264558  | 0.0    | -1985.264558 
  2.00  |  24.00  |  80.00 || -1985.725902  | 0.0    | -1985.725902 
  2.00  |  24.00  |  100.00 || -1985.570598  | 0.0    | -1985.570598 
  2.00  |  24.00  |  120.00 || -1984.728767  | 0.0    | -1984.728767 
  2.00  |  24.00  |  140.00 || -1984.913775  | 0.0    | -1984.913775 
  2.00  |  24.00  |  160.00 || -1985.566636  | 0.0    | -1985.566636 
  2.00  |  24.00  |  180.00 || -1984.812911  | 0.0    | -1984.812911 
  2.00  |  24.00  |  200.00 || -1984.726656  | 0.0    | -1984.726656 
  2.00  |  24.00  |  220.00 || -1985.345102  | 0.0    | -1985.345102 
  2.00  |  24.00  |  240.00 || -1985.159275  | 0.0    | -1985.159275 
  2.00  |  24.00  |  260.00 || -1984.304833  | 0.0    | -1984.304833 
  2.00  |  24.00  |  280.00 || -1985.546141  | 0.0    | -1985.546141 
  2.00  |  24.00  |  300.00 || -1985.402799  | 0.0    | -1985.402799 
  2.00  |  24.00  |  320.00 || -1984.935017  | 0.0    | -1984.935017 
  2.00  |  24.00  |  340.00 || -1984.817854  | 0.0    | -1984.817854 
  2.00  |  28.00  |  0.00 || -1984.567539  | 0.0    | -1984.567539 
  2.00  |  28.00  |  20.00 || -1985.044556  | 0.0    | -1985.044556 
  2.00  |  28.00  |  40.00 || -1985.133543  | 0.0    | -1985.133543 
  2.00  |  28.00  |  60.00 || -1985.060907  | 0.0    | -1985.060907 
  2.00  |  28.00  |  80.00 || -1985.6448  | 0.0    | -1985.6448 
  2.00  |  28.00  |  100.00 || -1985.515072  | 0.0    | -1985.515072 
  2.00  |  28.00  |  120.00 || -1985.056473  | 0.0    | -1985.056473 
  2.00  |  28.00  |  140.00 || -1984.860484  | 0.0    | -1984.860484 
  2.00  |  28.00  |  160.00 || -1985.425024  | 0.0    | -1985.425024 
  2.00  |  28.00  |  180.00 || -1985.122477  | 0.0    | -1985.122477 
  2.00  |  28.00  |  200.00 || -1984.577175  | 0.0    | -1984.577175 
  2.00  |  28.00  |  220.00 || -1985.626745  | 0.0    | -1985.626745 
  2.00  |  28.00  |  240.00 || -1985.330356  | 0.0    | -1985.330356 
  2.00  |  28.00  |  260.00 || -1984.558261  | 0.0    | -1984.558261 
  2.00  |  28.00  |  280.00 || -1985.532522  | 0.0    | -1985.532522 
  2.00  |  28.00  |  300.00 || -1985.291251  | 0.0    | -1985.291251 
  2.00  |  28.00  |  320.00 || -1984.885546  | 0.0    | -1984.885546 
  2.00  |  28.00  |  340.00 || -1984.838854  | 0.0    | -1984.838854 
  2.00  |  32.00  |  0.00 || -1984.837498  | 0.0    | -1984.837498 
  2.00  |  32.00  |  20.00 || -1985.230327  | 0.0    | -1985.230327 
  2.00  |  32.00  |  40.00 || -1984.864135  | 0.0    | -1984.864135 
  2.00  |  32.00  |  60.00 || -1984.86631  | 0.0    | -1984.86631 
  2.00  |  32.00  |  80.00 || -1985.197218  | 0.0    | -1985.197218 
  2.00  |  32.00  |  100.00 || -1985.622671  | 0.0    | -1985.622671 
  2.00  |  32.00  |  120.00 || -1984.969386  | 0.0    | -1984.969386 
  2.00  |  32.00  |  140.00 || -1984.725391  | 0.0    | -1984.725391 
  2.00  |  32.00  |  160.00 || -1985.61955  | 0.0    | -1985.61955 
  2.00  |  32.00  |  180.00 || -1985.220566  | 0.0    | -1985.220566 
  2.00  |  32.00  |  200.00 || -1984.889345  | 0.0    | -1984.889345 
  2.00  |  32.00  |  220.00 || -1985.477847  | 0.0    | -1985.477847 
  2.00  |  32.00  |  240.00 || -1985.267502  | 0.0    | -1985.267502 
  2.00  |  32.00  |  260.00 || -1984.62851  | 0.0    | -1984.62851 
  2.00  |  32.00  |  280.00 || -1985.164645  | 0.0    | -1985.164645 
  2.00  |  32.00  |  300.00 || -1985.141337  | 0.0    | -1985.141337 
  2.00  |  32.00  |  320.00 || -1984.849381  | 0.0    | -1984.849381 
  2.00  |  32.00  |  340.00 || -1984.31248  | 0.0    | -1984.31248 
  2.00  |  36.00  |  0.00 || -1984.727808  | 0.0    | -1984.727808 
  2.00  |  36.00  |  20.00 || -1985.018779  | 0.0    | -1985.018779 
  2.00  |  36.00  |  40.00 || -1984.863282  | 0.0    | -1984.863282 
  2.00  |  36.00  |  60.00 || -1985.127479  | 0.0    | -1985.127479 
  2.00  |  36.00  |  80.00 || -1985.205034  | 0.0    | -1985.205034 
  2.00  |  36.00  |  100.00 || -1985.222253  | 0.0    | -1985.222253 
  2.00  |  36.00  |  120.00 || -1985.031902  | 0.0    | -1985.031902 
  2.00  |  36.00  |  140.00 || -1985.304068  | 0.0    | -1985.304068 
  2.00  |  36.00  |  160.00 || -1985.647787  | 0.0    | -1985.647787 
  2.00  |  36.00  |  180.00 || -1985.094278  | 0.0    | -1985.094278 
  2.00  |  36.00  |  200.00 || -1985.010642  | 0.0    | -1985.010642 
  2.00  |  36.00  |  220.00 || -1985.294371  | 0.0    | -1985.294371 
  2.00  |  36.00  |  240.00 || -1985.354317  | 0.0    | -1985.354317 
  2.00  |  36.00  |  260.00 || -1984.583653  | 0.0    | -1984.583653 
  2.00  |  36.00  |  280.00 || -1984.952613  | 0.0    | -1984.952613 
  2.00  |  36.00  |  300.00 || -1985.231704  | 0.0    | -1985.231704 
  2.00  |  36.00  |  320.00 || -1984.873736  | 0.0    | -1984.873736 
  2.00  |  36.00  |  340.00 || -1984.593955  | 0.0    | -1984.593955 
  2.00  |  40.00  |  0.00 || -1984.496163  | 0.0    | -1984.496163 
  2.00  |  40.00  |  20.00 || -1984.880839  | 0.0    | -1984.880839 
  2.00  |  40.00  |  40.00 || -1984.714814  | 0.0    | -1984.714814 
  2.00  |  40.00  |  60.00 || -1984.996245  | 0.0    | -1984.996245 
  2.00  |  40.00  |  80.00 || -1984.827533  | 0.0    | -1984.827533 
  2.00  |  40.00  |  100.00 || -1984.956108  | 0.0    | -1984.956108 
  2.00  |  40.00  |  120.00 || -1985.093026  | 0.0    | -1985.093026 
  2.00  |  40.00  |  140.00 || -1985.178425  | 0.0    | -1985.178425 
  2.00  |  40.00  |  160.00 || -1985.337414  | 0.0    | -1985.337414 
  2.00  |  40.00  |  180.00 || -1984.616076  | 0.0    | -1984.616076 
  2.00  |  40.00  |  200.00 || -1985.100263  | 0.0    | -1985.100263 
  2.00  |  40.00  |  220.00 || -1985.054982  | 0.0    | -1985.054982 
  2.00  |  40.00  |  240.00 || -1985.129929  | 0.0    | -1985.129929 
  2.00  |  40.00  |  260.00 || -1984.99025  | 0.0    | -1984.99025 
  2.00  |  40.00  |  280.00 || -1985.250664  | 0.0    | -1985.250664 
  2.00  |  40.00  |  300.00 || -1985.303489  | 0.0    | -1985.303489 
  2.00  |  40.00  |  320.00 || -1985.399953  | 0.0    | -1985.399953 
  2.00  |  40.00  |  340.00 || -1984.554387  | 0.0    | -1984.554387 
