
Parameter file:
Precision   double 
K           1
Nk          9
K_fine      19
thresold    0.5
BSZ         128
restart     200
tolerance   1e-5
max_iter    1000
P           4
eps         1e-12
NCRIT       500
theta       0.5
GPU         1

Protein file: 1fza_interaction/mesh/1fza_NanoShaper_d04
Surf2D  file: 1fza_interaction/mesh/Graph_Acortada_Config2_NanoShaper_d02
Phi     file: NA

Number of elements  : 367952  
Number of iterations: max: 52, min: 1 
Coulombic energy    : -96818962.930601 kcal/mol  
Total time          : max: NA s, min: NA s 

                             ||              kcal/mol                            
  h     |   Tilt   |   Rotat  ||    Esolv      |    Esurf     |      Esurf+Esolv  
------------------------------------------------------------------------------ 
  2.00  |   0.00   |   0.00   || -1984.939649  | 0.0    | -1984.939649 
  2.00  |   4.00   |   0.00   || -1984.991101  | 0.0    | -1984.991101 
  2.00  |   4.00   |   20.00   || -1985.035136  | 0.0    | -1985.035136 
  2.00  |   4.00   |   40.00   || -1985.173628  | 0.0    | -1985.173628 
  2.00  |   4.00   |   60.00   || -1985.323964  | 0.0    | -1985.323964 
  2.00  |   4.00   |   80.00   || -1985.393519  | 0.0    | -1985.393519 
  2.00  |   4.00   |   100.00   || -1984.812155  | 0.0    | -1984.812155 
  2.00  |   4.00   |   120.00   || -1985.327242  | 0.0    | -1985.327242 
  2.00  |   4.00   |   140.00   || -1985.139042  | 0.0    | -1985.139042 
  2.00  |   4.00   |   160.00   || -1985.58519  | 0.0    | -1985.58519 
  2.00  |   4.00   |   180.00   || -1985.123226  | 0.0    | -1985.123226 
  2.00  |   4.00   |   200.00   || -1984.862804  | 0.0    | -1984.862804 
  2.00  |   4.00   |   220.00   || -1985.283189  | 0.0    | -1985.283189 
  2.00  |   4.00   |   240.00   || -1985.316691  | 0.0    | -1985.316691 
  2.00  |   4.00   |   260.00   || -1985.132907  | 0.0    | -1985.132907 
  2.00  |   4.00   |   280.00   || -1984.95147  | 0.0    | -1984.95147 
  2.00  |   4.00   |   300.00   || -1984.985324  | 0.0    | -1984.985324 
  2.00  |   4.00   |   320.00   || -1985.320686  | 0.0    | -1985.320686 
  2.00  |   4.00   |   340.00   || -1985.058212  | 0.0    | -1985.058212 
  2.00  |   8.00   |   0.00   || -1985.204522  | 0.0    | -1985.204522 
  2.00  |   8.00   |   20.00   || -1985.084487  | 0.0    | -1985.084487 
  2.00  |   8.00   |   40.00   || -1985.147572  | 0.0    | -1985.147572 
  2.00  |   8.00   |   60.00   || -1985.336047  | 0.0    | -1985.336047 
  2.00  |   8.00   |   80.00   || -1985.574239  | 0.0    | -1985.574239 
  2.00  |   8.00   |   100.00   || -1984.970549  | 0.0    | -1984.970549 
  2.00  |   8.00   |   120.00   || -1985.415213  | 0.0    | -1985.415213 
  2.00  |   8.00   |   140.00   || -1985.16247  | 0.0    | -1985.16247 
  2.00  |   8.00   |   160.00   || -1985.482786  | 0.0    | -1985.482786 
  2.00  |   8.00   |   180.00   || -1985.035904  | 0.0    | -1985.035904 
  2.00  |   8.00   |   200.00   || -1985.065439  | 0.0    | -1985.065439 
  2.00  |   8.00   |   220.00   || -1985.355666  | 0.0    | -1985.355666 
  2.00  |   8.00   |   240.00   || -1985.464669  | 0.0    | -1985.464669 
  2.00  |   8.00   |   260.00   || -1985.189883  | 0.0    | -1985.189883 
  2.00  |   8.00   |   280.00   || -1985.109748  | 0.0    | -1985.109748 
  2.00  |   8.00   |   300.00   || -1984.933651  | 0.0    | -1984.933651 
  2.00  |   8.00   |   320.00   || -1985.31753  | 0.0    | -1985.31753 
  2.00  |   8.00   |   340.00   || -1984.923206  | 0.0    | -1984.923206 
  2.00  |   12.00   |   0.00   || -1985.065463  | 0.0    | -1985.065463 
  2.00  |   12.00   |   20.00   || -1984.963033  | 0.0    | -1984.963033 
  2.00  |   12.00   |   40.00   || -1985.010746  | 0.0    | -1985.010746 
  2.00  |   12.00   |   60.00   || -1985.396421  | 0.0    | -1985.396421 
  2.00  |   12.00   |   80.00   || -1985.499499  | 0.0    | -1985.499499 
  2.00  |   12.00   |   100.00   || -1985.155144  | 0.0    | -1985.155144 
  2.00  |   12.00   |   120.00   || -1985.371866  | 0.0    | -1985.371866 
  2.00  |   12.00   |   140.00   || -1985.371029  | 0.0    | -1985.371029 
  2.00  |   12.00   |   160.00   || -1985.564073  | 0.0    | -1985.564073 
  2.00  |   12.00   |   180.00   || -1985.074127  | 0.0    | -1985.074127 
  2.00  |   12.00   |   200.00   || -1985.00649  | 0.0    | -1985.00649 
  2.00  |   12.00   |   220.00   || -1985.236661  | 0.0    | -1985.236661 
  2.00  |   12.00   |   240.00   || -1985.545825  | 0.0    | -1985.545825 
  2.00  |   12.00   |   260.00   || -1985.255153  | 0.0    | -1985.255153 
  2.00  |   12.00   |   280.00   || -1985.022646  | 0.0    | -1985.022646 
  2.00  |   12.00   |   300.00   || -1985.272745  | 0.0    | -1985.272745 
  2.00  |   12.00   |   320.00   || -1985.040459  | 0.0    | -1985.040459 
  2.00  |   12.00   |   340.00   || -1985.013399  | 0.0    | -1985.013399 
  2.00  |   16.00   |   0.00   || -1984.86899  | 0.0    | -1984.86899 
  2.00  |   16.00   |   20.00   || -1985.038867  | 0.0    | -1985.038867 
  2.00  |   16.00   |   40.00   || -1984.806877  | 0.0    | -1984.806877 
  2.00  |   16.00   |   60.00   || -1985.466432  | 0.0    | -1985.466432 
  2.00  |   16.00   |   80.00   || -1985.656187  | 0.0    | -1985.656187 
  2.00  |   16.00   |   100.00   || -1985.15149  | 0.0    | -1985.15149 
  2.00  |   16.00   |   120.00   || -1985.168513  | 0.0    | -1985.168513 
  2.00  |   16.00   |   140.00   || -1985.506725  | 0.0    | -1985.506725 
  2.00  |   16.00   |   160.00   || -1985.773238  | 0.0    | -1985.773238 
  2.00  |   16.00   |   180.00   || -1984.844936  | 0.0    | -1984.844936 
  2.00  |   16.00   |   200.00   || -1984.611117  | 0.0    | -1984.611117 
  2.00  |   16.00   |   220.00   || -1985.010155  | 0.0    | -1985.010155 
  2.00  |   16.00   |   240.00   || -1985.445279  | 0.0    | -1985.445279 
  2.00  |   16.00   |   260.00   || -1985.220849  | 0.0    | -1985.220849 
  2.00  |   16.00   |   280.00   || -1985.082815  | 0.0    | -1985.082815 
  2.00  |   16.00   |   300.00   || -1985.360423  | 0.0    | -1985.360423 
  2.00  |   16.00   |   320.00   || -1985.017256  | 0.0    | -1985.017256 
  2.00  |   16.00   |   340.00   || -1984.852426  | 0.0    | -1984.852426 
  2.00  |   20.00   |   0.00   || -1985.024583  | 0.0    | -1985.024583 
  2.00  |   20.00   |   20.00   || -1984.935389  | 0.0    | -1984.935389 
  2.00  |   20.00   |   40.00   || -1984.692818  | 0.0    | -1984.692818 
  2.00  |   20.00   |   60.00   || -1985.448466  | 0.0    | -1985.448466 
  2.00  |   20.00   |   80.00   || -1985.422074  | 0.0    | -1985.422074 
  2.00  |   20.00   |   100.00   || -1985.180856  | 0.0    | -1985.180856 
  2.00  |   20.00   |   120.00   || -1984.745156  | 0.0    | -1984.745156 
  2.00  |   20.00   |   140.00   || -1985.08861  | 0.0    | -1985.08861 
  2.00  |   20.00   |   160.00   || -1985.907507  | 0.0    | -1985.907507 
  2.00  |   20.00   |   180.00   || -1984.766218  | 0.0    | -1984.766218 
  2.00  |   20.00   |   200.00   || -1984.660387  | 0.0    | -1984.660387 
  2.00  |   20.00   |   220.00   || -1985.22342  | 0.0    | -1985.22342 
  2.00  |   20.00   |   240.00   || -1985.49125  | 0.0    | -1985.49125 
  2.00  |   20.00   |   260.00   || -1984.632724  | 0.0    | -1984.632724 
  2.00  |   20.00   |   280.00   || -1985.446642  | 0.0    | -1985.446642 
  2.00  |   20.00   |   300.00   || -1985.125403  | 0.0    | -1985.125403 
  2.00  |   20.00   |   320.00   || -1984.791228  | 0.0    | -1984.791228 
  2.00  |   20.00   |   340.00   || -1984.558468  | 0.0    | -1984.558468 
  2.00  |   24.00   |   0.00   || -1984.990644  | 0.0    | -1984.990644 
  2.00  |   24.00   |   20.00   || -1985.109767  | 0.0    | -1985.109767 
  2.00  |   24.00   |   40.00   || -1984.967941  | 0.0    | -1984.967941 
  2.00  |   24.00   |   60.00   || -1985.264558  | 0.0    | -1985.264558 
  2.00  |   24.00   |   80.00   || -1985.725902  | 0.0    | -1985.725902 
  2.00  |   24.00   |   100.00   || -1985.570598  | 0.0    | -1985.570598 
  2.00  |   24.00   |   120.00   || -1984.728767  | 0.0    | -1984.728767 
  2.00  |   24.00   |   140.00   || -1984.913775  | 0.0    | -1984.913775 
  2.00  |   24.00   |   160.00   || -1985.566636  | 0.0    | -1985.566636 
  2.00  |   24.00   |   180.00   || -1984.812911  | 0.0    | -1984.812911 
  2.00  |   24.00   |   200.00   || -1984.726656  | 0.0    | -1984.726656 
  2.00  |   24.00   |   220.00   || -1985.345102  | 0.0    | -1985.345102 
  2.00  |   24.00   |   240.00   || -1985.159275  | 0.0    | -1985.159275 
  2.00  |   24.00   |   260.00   || -1984.304833  | 0.0    | -1984.304833 
  2.00  |   24.00   |   280.00   || -1985.546141  | 0.0    | -1985.546141 
  2.00  |   24.00   |   300.00   || -1985.402799  | 0.0    | -1985.402799 
  2.00  |   24.00   |   320.00   || -1984.935017  | 0.0    | -1984.935017 
  2.00  |   24.00   |   340.00   || -1984.817854  | 0.0    | -1984.817854 
  2.00  |   28.00   |   0.00   || -1984.567539  | 0.0    | -1984.567539 
  2.00  |   28.00   |   20.00   || -1985.044556  | 0.0    | -1985.044556 
  2.00  |   28.00   |   40.00   || -1985.133543  | 0.0    | -1985.133543 
  2.00  |   28.00   |   60.00   || -1985.060907  | 0.0    | -1985.060907 
  2.00  |   28.00   |   80.00   || -1985.6448  | 0.0    | -1985.6448 
  2.00  |   28.00   |   100.00   || -1985.515072  | 0.0    | -1985.515072 
  2.00  |   28.00   |   120.00   || -1985.056473  | 0.0    | -1985.056473 
  2.00  |   28.00   |   140.00   || -1984.860484  | 0.0    | -1984.860484 
  2.00  |   28.00   |   160.00   || -1985.425024  | 0.0    | -1985.425024 
  2.00  |   28.00   |   180.00   || -1985.122477  | 0.0    | -1985.122477 
  2.00  |   28.00   |   200.00   || -1984.577175  | 0.0    | -1984.577175 
  2.00  |   28.00   |   220.00   || -1985.626745  | 0.0    | -1985.626745 
  2.00  |   28.00   |   240.00   || -1985.330356  | 0.0    | -1985.330356 
  2.00  |   28.00   |   260.00   || -1984.558261  | 0.0    | -1984.558261 
  2.00  |   28.00   |   280.00   || -1985.532522  | 0.0    | -1985.532522 
  2.00  |   28.00   |   300.00   || -1985.291251  | 0.0    | -1985.291251 
  2.00  |   28.00   |   320.00   || -1984.885546  | 0.0    | -1984.885546 
  2.00  |   28.00   |   340.00   || -1984.838854  | 0.0    | -1984.838854 
  2.00  |   32.00   |   0.00   || -1984.837498  | 0.0    | -1984.837498 
  2.00  |   32.00   |   20.00   || -1985.230327  | 0.0    | -1985.230327 
  2.00  |   32.00   |   40.00   || -1984.864135  | 0.0    | -1984.864135 
  2.00  |   32.00   |   60.00   || -1984.86631  | 0.0    | -1984.86631 
  2.00  |   32.00   |   80.00   || -1985.197218  | 0.0    | -1985.197218 
  2.00  |   32.00   |   100.00   || -1985.622671  | 0.0    | -1985.622671 
  2.00  |   32.00   |   120.00   || -1984.969386  | 0.0    | -1984.969386 
  2.00  |   32.00   |   140.00   || -1984.725391  | 0.0    | -1984.725391 
  2.00  |   32.00   |   160.00   || -1985.61955  | 0.0    | -1985.61955 
  2.00  |   32.00   |   180.00   || -1985.220566  | 0.0    | -1985.220566 
  2.00  |   32.00   |   200.00   || -1984.889345  | 0.0    | -1984.889345 
  2.00  |   32.00   |   220.00   || -1985.477847  | 0.0    | -1985.477847 
  2.00  |   32.00   |   240.00   || -1985.267502  | 0.0    | -1985.267502 
  2.00  |   32.00   |   260.00   || -1984.62851  | 0.0    | -1984.62851 
  2.00  |   32.00   |   280.00   || -1985.164645  | 0.0    | -1985.164645 
  2.00  |   32.00   |   300.00   || -1985.141337  | 0.0    | -1985.141337 
  2.00  |   32.00   |   320.00   || -1984.849381  | 0.0    | -1984.849381 
  2.00  |   32.00   |   340.00   || -1984.31248  | 0.0    | -1984.31248 
  2.00  |   36.00   |   0.00   || -1984.727808  | 0.0    | -1984.727808 
  2.00  |   36.00   |   20.00   || -1985.018779  | 0.0    | -1985.018779 
  2.00  |   36.00   |   40.00   || -1984.863282  | 0.0    | -1984.863282 
  2.00  |   36.00   |   60.00   || -1985.127479  | 0.0    | -1985.127479 
  2.00  |   36.00   |   80.00   || -1985.205034  | 0.0    | -1985.205034 
  2.00  |   36.00   |   100.00   || -1985.222253  | 0.0    | -1985.222253 
  2.00  |   36.00   |   120.00   || -1985.031902  | 0.0    | -1985.031902 
  2.00  |   36.00   |   140.00   || -1985.304068  | 0.0    | -1985.304068 
  2.00  |   36.00   |   160.00   || -1985.647787  | 0.0    | -1985.647787 
  2.00  |   36.00   |   180.00   || -1985.094278  | 0.0    | -1985.094278 
  2.00  |   36.00   |   200.00   || -1985.010642  | 0.0    | -1985.010642 
  2.00  |   36.00   |   220.00   || -1985.294371  | 0.0    | -1985.294371 
  2.00  |   36.00   |   240.00   || -1985.354317  | 0.0    | -1985.354317 
  2.00  |   36.00   |   260.00   || -1984.583653  | 0.0    | -1984.583653 
  2.00  |   36.00   |   280.00   || -1984.952613  | 0.0    | -1984.952613 
  2.00  |   36.00   |   300.00   || -1985.231704  | 0.0    | -1985.231704 
  2.00  |   36.00   |   320.00   || -1984.873736  | 0.0    | -1984.873736 
  2.00  |   36.00   |   340.00   || -1984.593955  | 0.0    | -1984.593955 
  2.00  |   40.00   |   0.00   || -1984.496163  | 0.0    | -1984.496163 
  2.00  |   40.00   |   20.00   || -1984.880839  | 0.0    | -1984.880839 
  2.00  |   40.00   |   40.00   || -1984.714814  | 0.0    | -1984.714814 
  2.00  |   40.00   |   60.00   || -1984.996245  | 0.0    | -1984.996245 
  2.00  |   40.00   |   80.00   || -1984.827533  | 0.0    | -1984.827533 
  2.00  |   40.00   |   100.00   || -1984.956108  | 0.0    | -1984.956108 
  2.00  |   40.00   |   120.00   || -1985.093026  | 0.0    | -1985.093026 
  2.00  |   40.00   |   140.00   || -1985.178425  | 0.0    | -1985.178425 
  2.00  |   40.00   |   160.00   || -1985.337414  | 0.0    | -1985.337414 
  2.00  |   40.00   |   180.00   || -1984.616076  | 0.0    | -1984.616076 
  2.00  |   40.00   |   200.00   || -1985.100263  | 0.0    | -1985.100263 
  2.00  |   40.00   |   220.00   || -1985.054982  | 0.0    | -1985.054982 
  2.00  |   40.00   |   240.00   || -1985.129929  | 0.0    | -1985.129929 
  2.00  |   40.00   |   260.00   || -1984.99025  | 0.0    | -1984.99025 
  2.00  |   40.00   |   280.00   || -1985.250664  | 0.0    | -1985.250664 
  2.00  |   40.00   |   300.00   || -1985.303489  | 0.0    | -1985.303489 
  2.00  |   40.00   |   320.00   || -1985.399953  | 0.0    | -1985.399953 
  2.00  |   40.00   |   340.00   || -1984.554387  | 0.0    | -1984.554387 
  2.00  |   44.00   |   0.00   || -1984.349866  | 0.0    | -1984.349866 
  2.00  |   44.00   |   20.00   || -1985.022601  | 0.0    | -1985.022601 
  2.00  |   44.00   |   40.00   || -1984.703409  | 0.0    | -1984.703409 
  2.00  |   44.00   |   60.00   || -1984.908412  | 0.0    | -1984.908412 
  2.00  |   44.00   |   80.00   || -1984.73791  | 0.0    | -1984.73791 
  2.00  |   44.00   |   100.00   || -1985.082216  | 0.0    | -1985.082216 
  2.00  |   44.00   |   120.00   || -1985.29829  | 0.0    | -1985.29829 
  2.00  |   44.00   |   140.00   || -1985.273585  | 0.0    | -1985.273585 
  2.00  |   44.00   |   160.00   || -1984.936743  | 0.0    | -1984.936743 
  2.00  |   44.00   |   180.00   || -1984.454758  | 0.0    | -1984.454758 
  2.00  |   44.00   |   200.00   || -1985.032681  | 0.0    | -1985.032681 
  2.00  |   44.00   |   220.00   || -1984.914506  | 0.0    | -1984.914506 
  2.00  |   44.00   |   240.00   || -1984.84811  | 0.0    | -1984.84811 
  2.00  |   44.00   |   260.00   || -1984.883399  | 0.0    | -1984.883399 
  2.00  |   44.00   |   280.00   || -1985.265861  | 0.0    | -1985.265861 
  2.00  |   44.00   |   300.00   || -1985.322489  | 0.0    | -1985.322489 
  2.00  |   44.00   |   320.00   || -1985.353523  | 0.0    | -1985.353523 
  2.00  |   44.00   |   340.00   || -1984.731825  | 0.0    | -1984.731825 
  2.00  |   48.00   |   0.00   || -1984.370339  | 0.0    | -1984.370339 
  2.00  |   48.00   |   20.00   || -1985.059837  | 0.0    | -1985.059837 
  2.00  |   48.00   |   40.00   || -1984.912826  | 0.0    | -1984.912826 
  2.00  |   48.00   |   60.00   || -1985.19588  | 0.0    | -1985.19588 
  2.00  |   48.00   |   80.00   || -1985.048993  | 0.0    | -1985.048993 
  2.00  |   48.00   |   100.00   || -1985.226588  | 0.0    | -1985.226588 
  2.00  |   48.00   |   120.00   || -1985.363833  | 0.0    | -1985.363833 
  2.00  |   48.00   |   140.00   || -1985.645442  | 0.0    | -1985.645442 
  2.00  |   48.00   |   160.00   || -1984.780261  | 0.0    | -1984.780261 
  2.00  |   48.00   |   180.00   || -1984.433258  | 0.0    | -1984.433258 
  2.00  |   48.00   |   200.00   || -1985.080681  | 0.0    | -1985.080681 
  2.00  |   48.00   |   220.00   || -1984.759484  | 0.0    | -1984.759484 
  2.00  |   48.00   |   240.00   || -1985.112917  | 0.0    | -1985.112917 
  2.00  |   48.00   |   260.00   || -1984.757032  | 0.0    | -1984.757032 
  2.00  |   48.00   |   280.00   || -1985.004986  | 0.0    | -1985.004986 
  2.00  |   48.00   |   300.00   || -1985.0601  | 0.0    | -1985.0601 
  2.00  |   48.00   |   320.00   || -1985.148622  | 0.0    | -1985.148622 
  2.00  |   48.00   |   340.00   || -1985.099546  | 0.0    | -1985.099546 
  2.00  |   52.00   |   0.00   || -1984.878748  | 0.0    | -1984.878748 
  2.00  |   52.00   |   20.00   || -1984.986069  | 0.0    | -1984.986069 
  2.00  |   52.00   |   40.00   || -1985.259739  | 0.0    | -1985.259739 
  2.00  |   52.00   |   60.00   || -1985.173904  | 0.0    | -1985.173904 
  2.00  |   52.00   |   80.00   || -1984.552174  | 0.0    | -1984.552174 
  2.00  |   52.00   |   100.00   || -1985.076606  | 0.0    | -1985.076606 
  2.00  |   52.00   |   120.00   || -1985.191057  | 0.0    | -1985.191057 
  2.00  |   52.00   |   140.00   || -1985.107462  | 0.0    | -1985.107462 
  2.00  |   52.00   |   160.00   || -1984.611327  | 0.0    | -1984.611327 
  2.00  |   52.00   |   180.00   || -1984.552487  | 0.0    | -1984.552487 
  2.00  |   52.00   |   200.00   || -1985.010473  | 0.0    | -1985.010473 
  2.00  |   52.00   |   220.00   || -1984.67024  | 0.0    | -1984.67024 
  2.00  |   52.00   |   240.00   || -1985.129668  | 0.0    | -1985.129668 
  2.00  |   52.00   |   260.00   || -1985.070239  | 0.0    | -1985.070239 
  2.00  |   52.00   |   280.00   || -1985.09428  | 0.0    | -1985.09428 
  2.00  |   52.00   |   300.00   || -1985.085289  | 0.0    | -1985.085289 
  2.00  |   52.00   |   320.00   || -1985.365967  | 0.0    | -1985.365967 
  2.00  |   52.00   |   340.00   || -1985.593526  | 0.0    | -1985.593526 
  2.00  |   56.00   |   0.00   || -1985.266118  | 0.0    | -1985.266118 
  2.00  |   56.00   |   20.00   || -1985.049627  | 0.0    | -1985.049627 
  2.00  |   56.00   |   40.00   || -1985.394432  | 0.0    | -1985.394432 
  2.00  |   56.00   |   60.00   || -1985.428288  | 0.0    | -1985.428288 
  2.00  |   56.00   |   80.00   || -1984.583578  | 0.0    | -1984.583578 
  2.00  |   56.00   |   100.00   || -1985.028881  | 0.0    | -1985.028881 
  2.00  |   56.00   |   120.00   || -1985.283426  | 0.0    | -1985.283426 
  2.00  |   56.00   |   140.00   || -1984.844185  | 0.0    | -1984.844185 
  2.00  |   56.00   |   160.00   || -1984.482731  | 0.0    | -1984.482731 
  2.00  |   56.00   |   180.00   || -1985.016727  | 0.0    | -1985.016727 
  2.00  |   56.00   |   200.00   || -1985.176111  | 0.0    | -1985.176111 
  2.00  |   56.00   |   220.00   || -1984.959185  | 0.0    | -1984.959185 
  2.00  |   56.00   |   240.00   || -1985.026161  | 0.0    | -1985.026161 
  2.00  |   56.00   |   260.00   || -1985.173801  | 0.0    | -1985.173801 
  2.00  |   56.00   |   280.00   || -1985.309289  | 0.0    | -1985.309289 
  2.00  |   56.00   |   300.00   || -1984.855486  | 0.0    | -1984.855486 
  2.00  |   56.00   |   320.00   || -1984.919296  | 0.0    | -1984.919296 
  2.00  |   56.00   |   340.00   || -1985.551614  | 0.0    | -1985.551614 
  2.00  |   60.00   |   0.00   || -1985.059736  | 0.0    | -1985.059736 
  2.00  |   60.00   |   20.00   || -1984.718393  | 0.0    | -1984.718393 
  2.00  |   60.00   |   40.00   || -1985.43912  | 0.0    | -1985.43912 
  2.00  |   60.00   |   60.00   || -1985.209421  | 0.0    | -1985.209421 
  2.00  |   60.00   |   80.00   || -1984.499751  | 0.0    | -1984.499751 
  2.00  |   60.00   |   100.00   || -1985.389277  | 0.0    | -1985.389277 
  2.00  |   60.00   |   120.00   || -1985.134538  | 0.0    | -1985.134538 
  2.00  |   60.00   |   140.00   || -1985.112661  | 0.0    | -1985.112661 
  2.00  |   60.00   |   160.00   || -1984.351603  | 0.0    | -1984.351603 
  2.00  |   60.00   |   180.00   || -1984.726449  | 0.0    | -1984.726449 
  2.00  |   60.00   |   200.00   || -1985.252807  | 0.0    | -1985.252807 
  2.00  |   60.00   |   220.00   || -1984.861098  | 0.0    | -1984.861098 
  2.00  |   60.00   |   240.00   || -1984.879116  | 0.0    | -1984.879116 
  2.00  |   60.00   |   260.00   || -1985.493246  | 0.0    | -1985.493246 
  2.00  |   60.00   |   280.00   || -1985.471371  | 0.0    | -1985.471371 
  2.00  |   60.00   |   300.00   || -1984.913946  | 0.0    | -1984.913946 
  2.00  |   60.00   |   320.00   || -1984.951917  | 0.0    | -1984.951917 
  2.00  |   60.00   |   340.00   || -1985.505203  | 0.0    | -1985.505203 
  2.00  |   64.00   |   0.00   || -1985.151425  | 0.0    | -1985.151425 
  2.00  |   64.00   |   20.00   || -1984.706557  | 0.0    | -1984.706557 
  2.00  |   64.00   |   40.00   || -1985.58816  | 0.0    | -1985.58816 
  2.00  |   64.00   |   60.00   || -1985.093831  | 0.0    | -1985.093831 
  2.00  |   64.00   |   80.00   || -1984.453307  | 0.0    | -1984.453307 
  2.00  |   64.00   |   100.00   || -1985.476137  | 0.0    | -1985.476137 
  2.00  |   64.00   |   120.00   || -1985.306782  | 0.0    | -1985.306782 
  2.00  |   64.00   |   140.00   || -1984.9195  | 0.0    | -1984.9195 
  2.00  |   64.00   |   160.00   || -1984.949154  | 0.0    | -1984.949154 
  2.00  |   64.00   |   180.00   || -1984.928358  | 0.0    | -1984.928358 
  2.00  |   64.00   |   200.00   || -1985.089299  | 0.0    | -1985.089299 
  2.00  |   64.00   |   220.00   || -1984.832144  | 0.0    | -1984.832144 
  2.00  |   64.00   |   240.00   || -1985.062659  | 0.0    | -1985.062659 
  2.00  |   64.00   |   260.00   || -1985.819917  | 0.0    | -1985.819917 
  2.00  |   64.00   |   280.00   || -1985.60228  | 0.0    | -1985.60228 
  2.00  |   64.00   |   300.00   || -1985.067592  | 0.0    | -1985.067592 
  2.00  |   64.00   |   320.00   || -1984.908873  | 0.0    | -1984.908873 
  2.00  |   64.00   |   340.00   || -1985.569065  | 0.0    | -1985.569065 
  2.00  |   68.00   |   0.00   || -1984.530773  | 0.0    | -1984.530773 
  2.00  |   68.00   |   20.00   || -1984.710631  | 0.0    | -1984.710631 
  2.00  |   68.00   |   40.00   || -1985.241439  | 0.0    | -1985.241439 
  2.00  |   68.00   |   60.00   || -1985.371691  | 0.0    | -1985.371691 
  2.00  |   68.00   |   80.00   || -1984.312515  | 0.0    | -1984.312515 
  2.00  |   68.00   |   100.00   || -1985.508526  | 0.0    | -1985.508526 
  2.00  |   68.00   |   120.00   || -1985.167261  | 0.0    | -1985.167261 
  2.00  |   68.00   |   140.00   || -1984.590575  | 0.0    | -1984.590575 
  2.00  |   68.00   |   160.00   || -1984.729239  | 0.0    | -1984.729239 
  2.00  |   68.00   |   180.00   || -1985.099816  | 0.0    | -1985.099816 
  2.00  |   68.00   |   200.00   || -1985.055684  | 0.0    | -1985.055684 
  2.00  |   68.00   |   220.00   || -1984.907498  | 0.0    | -1984.907498 
  2.00  |   68.00   |   240.00   || -1985.436112  | 0.0    | -1985.436112 
  2.00  |   68.00   |   260.00   || -1985.636973  | 0.0    | -1985.636973 
  2.00  |   68.00   |   280.00   || -1985.342169  | 0.0    | -1985.342169 
  2.00  |   68.00   |   300.00   || -1984.542918  | 0.0    | -1984.542918 
  2.00  |   68.00   |   320.00   || -1985.04045  | 0.0    | -1985.04045 
  2.00  |   68.00   |   340.00   || -1985.756983  | 0.0    | -1985.756983 
  2.00  |   72.00   |   0.00   || -1984.769899  | 0.0    | -1984.769899 
  2.00  |   72.00   |   20.00   || -1984.614622  | 0.0    | -1984.614622 
  2.00  |   72.00   |   40.00   || -1984.955611  | 0.0    | -1984.955611 
  2.00  |   72.00   |   60.00   || -1985.554574  | 0.0    | -1985.554574 
  2.00  |   72.00   |   80.00   || -1984.833086  | 0.0    | -1984.833086 
  2.00  |   72.00   |   100.00   || -1985.261757  | 0.0    | -1985.261757 
  2.00  |   72.00   |   120.00   || -1985.354946  | 0.0    | -1985.354946 
  2.00  |   72.00   |   140.00   || -1984.892557  | 0.0    | -1984.892557 
  2.00  |   72.00   |   160.00   || -1984.716675  | 0.0    | -1984.716675 
  2.00  |   72.00   |   180.00   || -1984.95529  | 0.0    | -1984.95529 
  2.00  |   72.00   |   200.00   || -1984.935117  | 0.0    | -1984.935117 
  2.00  |   72.00   |   220.00   || -1984.787507  | 0.0    | -1984.787507 
  2.00  |   72.00   |   240.00   || -1985.443855  | 0.0    | -1985.443855 
  2.00  |   72.00   |   260.00   || -1985.492605  | 0.0    | -1985.492605 
  2.00  |   72.00   |   280.00   || -1985.070961  | 0.0    | -1985.070961 
  2.00  |   72.00   |   300.00   || -1984.853846  | 0.0    | -1984.853846 
  2.00  |   72.00   |   320.00   || -1985.41811  | 0.0    | -1985.41811 
  2.00  |   72.00   |   340.00   || -1985.667403  | 0.0    | -1985.667403 
  2.00  |   76.00   |   0.00   || -1984.902371  | 0.0    | -1984.902371 
  2.00  |   76.00   |   20.00   || -1984.78209  | 0.0    | -1984.78209 
  2.00  |   76.00   |   40.00   || -1985.146339  | 0.0    | -1985.146339 
  2.00  |   76.00   |   60.00   || -1985.538432  | 0.0    | -1985.538432 
  2.00  |   76.00   |   80.00   || -1985.347116  | 0.0    | -1985.347116 
  2.00  |   76.00   |   100.00   || -1985.039311  | 0.0    | -1985.039311 
  2.00  |   76.00   |   120.00   || -1985.347057  | 0.0    | -1985.347057 
  2.00  |   76.00   |   140.00   || -1985.156222  | 0.0    | -1985.156222 
  2.00  |   76.00   |   160.00   || -1985.150217  | 0.0    | -1985.150217 
  2.00  |   76.00   |   180.00   || -1985.066012  | 0.0    | -1985.066012 
  2.00  |   76.00   |   200.00   || -1984.923019  | 0.0    | -1984.923019 
  2.00  |   76.00   |   220.00   || -1985.007694  | 0.0    | -1985.007694 
  2.00  |   76.00   |   240.00   || -1985.321016  | 0.0    | -1985.321016 
  2.00  |   76.00   |   260.00   || -1985.627407  | 0.0    | -1985.627407 
  2.00  |   76.00   |   280.00   || -1985.369808  | 0.0    | -1985.369808 
  2.00  |   76.00   |   300.00   || -1985.389004  | 0.0    | -1985.389004 
  2.00  |   76.00   |   320.00   || -1985.443325  | 0.0    | -1985.443325 
  2.00  |   76.00   |   340.00   || -1986.009409  | 0.0    | -1986.009409 
  2.00  |   80.00   |   0.00   || -1985.181873  | 0.0    | -1985.181873 
  2.00  |   80.00   |   20.00   || -1984.969024  | 0.0    | -1984.969024 
  2.00  |   80.00   |   40.00   || -1985.186391  | 0.0    | -1985.186391 
  2.00  |   80.00   |   60.00   || -1985.482193  | 0.0    | -1985.482193 
  2.00  |   80.00   |   80.00   || -1985.42973  | 0.0    | -1985.42973 
  2.00  |   80.00   |   100.00   || -1985.008323  | 0.0    | -1985.008323 
  2.00  |   80.00   |   120.00   || -1985.075405  | 0.0    | -1985.075405 
  2.00  |   80.00   |   140.00   || -1985.188874  | 0.0    | -1985.188874 
  2.00  |   80.00   |   160.00   || -1984.991003  | 0.0    | -1984.991003 
  2.00  |   80.00   |   180.00   || -1984.956123  | 0.0    | -1984.956123 
  2.00  |   80.00   |   200.00   || -1985.048905  | 0.0    | -1985.048905 
  2.00  |   80.00   |   220.00   || -1985.113226  | 0.0    | -1985.113226 
  2.00  |   80.00   |   240.00   || -1985.48335  | 0.0    | -1985.48335 
  2.00  |   80.00   |   260.00   || -1985.598511  | 0.0    | -1985.598511 
  2.00  |   80.00   |   280.00   || -1985.183191  | 0.0    | -1985.183191 
  2.00  |   80.00   |   300.00   || -1985.66332  | 0.0    | -1985.66332 
  2.00  |   80.00   |   320.00   || -1985.199945  | 0.0    | -1985.199945 
  2.00  |   80.00   |   340.00   || -1985.542057  | 0.0    | -1985.542057 
  2.00  |   84.00   |   0.00   || -1985.049875  | 0.0    | -1985.049875 
  2.00  |   84.00   |   20.00   || -1984.894706  | 0.0    | -1984.894706 
  2.00  |   84.00   |   40.00   || -1985.290801  | 0.0    | -1985.290801 
  2.00  |   84.00   |   60.00   || -1985.389503  | 0.0    | -1985.389503 
  2.00  |   84.00   |   80.00   || -1985.174824  | 0.0    | -1985.174824 
  2.00  |   84.00   |   100.00   || -1984.962282  | 0.0    | -1984.962282 
  2.00  |   84.00   |   120.00   || -1984.853808  | 0.0    | -1984.853808 
  2.00  |   84.00   |   140.00   || -1985.316407  | 0.0    | -1985.316407 
  2.00  |   84.00   |   160.00   || -1985.099871  | 0.0    | -1985.099871 
  2.00  |   84.00   |   180.00   || -1985.124225  | 0.0    | -1985.124225 
  2.00  |   84.00   |   200.00   || -1985.025876  | 0.0    | -1985.025876 
  2.00  |   84.00   |   220.00   || -1985.102654  | 0.0    | -1985.102654 
  2.00  |   84.00   |   240.00   || -1985.440382  | 0.0    | -1985.440382 
  2.00  |   84.00   |   260.00   || -1985.647104  | 0.0    | -1985.647104 
  2.00  |   84.00   |   280.00   || -1984.83867  | 0.0    | -1984.83867 
  2.00  |   84.00   |   300.00   || -1985.491791  | 0.0    | -1985.491791 
  2.00  |   84.00   |   320.00   || -1985.295329  | 0.0    | -1985.295329 
  2.00  |   84.00   |   340.00   || -1985.517626  | 0.0    | -1985.517626 
  2.00  |   88.00   |   0.00   || -1984.950993  | 0.0    | -1984.950993 
  2.00  |   88.00   |   20.00   || -1984.635796  | 0.0    | -1984.635796 
  2.00  |   88.00   |   40.00   || -1985.093372  | 0.0    | -1985.093372 
  2.00  |   88.00   |   60.00   || -1985.375912  | 0.0    | -1985.375912 
  2.00  |   88.00   |   80.00   || -1985.157331  | 0.0    | -1985.157331 
  2.00  |   88.00   |   100.00   || -1984.927461  | 0.0    | -1984.927461 
  2.00  |   88.00   |   120.00   || -1985.085655  | 0.0    | -1985.085655 
  2.00  |   88.00   |   140.00   || -1985.239948  | 0.0    | -1985.239948 
  2.00  |   88.00   |   160.00   || -1985.191762  | 0.0    | -1985.191762 
  2.00  |   88.00   |   180.00   || -1984.991936  | 0.0    | -1984.991936 
  2.00  |   88.00   |   200.00   || -1985.034388  | 0.0    | -1985.034388 
  2.00  |   88.00   |   220.00   || -1985.190081  | 0.0    | -1985.190081 
  2.00  |   88.00   |   240.00   || -1985.426436  | 0.0    | -1985.426436 
  2.00  |   88.00   |   260.00   || -1985.281629  | 0.0    | -1985.281629 
  2.00  |   88.00   |   280.00   || -1984.834954  | 0.0    | -1984.834954 
  2.00  |   88.00   |   300.00   || -1985.187412  | 0.0    | -1985.187412 
  2.00  |   88.00   |   320.00   || -1985.084835  | 0.0    | -1985.084835 
  2.00  |   88.00   |   340.00   || -1985.371496  | 0.0    | -1985.371496 
  2.00  |   92.00   |   0.00   || -1984.874358  | 0.0    | -1984.874358 
  2.00  |   92.00   |   20.00   || -1984.910584  | 0.0    | -1984.910584 
  2.00  |   92.00   |   40.00   || -1985.130055  | 0.0    | -1985.130055 
  2.00  |   92.00   |   60.00   || -1985.362326  | 0.0    | -1985.362326 
  2.00  |   92.00   |   80.00   || -1985.264234  | 0.0    | -1985.264234 
  2.00  |   92.00   |   100.00   || -1984.787349  | 0.0    | -1984.787349 
  2.00  |   92.00   |   120.00   || -1985.23905  | 0.0    | -1985.23905 
  2.00  |   92.00   |   140.00   || -1985.070358  | 0.0    | -1985.070358 
  2.00  |   92.00   |   160.00   || -1985.326913  | 0.0    | -1985.326913 
  2.00  |   92.00   |   180.00   || -1985.010101  | 0.0    | -1985.010101 
  2.00  |   92.00   |   200.00   || -1984.874227  | 0.0    | -1984.874227 
  2.00  |   92.00   |   220.00   || -1985.19799  | 0.0    | -1985.19799 
  2.00  |   92.00   |   240.00   || -1985.39554  | 0.0    | -1985.39554 
  2.00  |   92.00   |   260.00   || -1985.227088  | 0.0    | -1985.227088 
  2.00  |   92.00   |   280.00   || -1984.929516  | 0.0    | -1984.929516 
  2.00  |   92.00   |   300.00   || -1985.085496  | 0.0    | -1985.085496 
  2.00  |   92.00   |   320.00   || -1985.285039  | 0.0    | -1985.285039 
  2.00  |   92.00   |   340.00   || -1985.104857  | 0.0    | -1985.104857 
  2.00  |   96.00   |   0.00   || -1985.109003  | 0.0    | -1985.109003 
  2.00  |   96.00   |   20.00   || -1985.016968  | 0.0    | -1985.016968 
  2.00  |   96.00   |   40.00   || -1985.091927  | 0.0    | -1985.091927 
  2.00  |   96.00   |   60.00   || -1985.462398  | 0.0    | -1985.462398 
  2.00  |   96.00   |   80.00   || -1985.576386  | 0.0    | -1985.576386 
  2.00  |   96.00   |   100.00   || -1984.84666  | 0.0    | -1984.84666 
  2.00  |   96.00   |   120.00   || -1985.462759  | 0.0    | -1985.462759 
  2.00  |   96.00   |   140.00   || -1985.259251  | 0.0    | -1985.259251 
  2.00  |   96.00   |   160.00   || -1985.48825  | 0.0    | -1985.48825 
  2.00  |   96.00   |   180.00   || -1985.057659  | 0.0    | -1985.057659 
  2.00  |   96.00   |   200.00   || -1985.043798  | 0.0    | -1985.043798 
  2.00  |   96.00   |   220.00   || -1985.325799  | 0.0    | -1985.325799 
  2.00  |   96.00   |   240.00   || -1985.435115  | 0.0    | -1985.435115 
  2.00  |   96.00   |   260.00   || -1985.157279  | 0.0    | -1985.157279 
  2.00  |   96.00   |   280.00   || -1985.071996  | 0.0    | -1985.071996 
  2.00  |   96.00   |   300.00   || -1984.877529  | 0.0    | -1984.877529 
  2.00  |   96.00   |   320.00   || -1985.313937  | 0.0    | -1985.313937 
  2.00  |   96.00   |   340.00   || -1985.054737  | 0.0    | -1985.054737 
  2.00  |   100.00   |   0.00   || -1984.977435  | 0.0    | -1984.977435 
  2.00  |   100.00   |   20.00   || -1985.041502  | 0.0    | -1985.041502 
  2.00  |   100.00   |   40.00   || -1985.133437  | 0.0    | -1985.133437 
  2.00  |   100.00   |   60.00   || -1985.469516  | 0.0    | -1985.469516 
  2.00  |   100.00   |   80.00   || -1985.530124  | 0.0    | -1985.530124 
  2.00  |   100.00   |   100.00   || -1985.143965  | 0.0    | -1985.143965 
  2.00  |   100.00   |   120.00   || -1985.651687  | 0.0    | -1985.651687 
  2.00  |   100.00   |   140.00   || -1985.188159  | 0.0    | -1985.188159 
  2.00  |   100.00   |   160.00   || -1985.520679  | 0.0    | -1985.520679 
  2.00  |   100.00   |   180.00   || -1985.212384  | 0.0    | -1985.212384 
  2.00  |   100.00   |   200.00   || -1985.055849  | 0.0    | -1985.055849 
  2.00  |   100.00   |   220.00   || -1985.258528  | 0.0    | -1985.258528 
  2.00  |   100.00   |   240.00   || -1985.534888  | 0.0    | -1985.534888 
  2.00  |   100.00   |   260.00   || -1985.396127  | 0.0    | -1985.396127 
  2.00  |   100.00   |   280.00   || -1985.079467  | 0.0    | -1985.079467 
  2.00  |   100.00   |   300.00   || -1985.177266  | 0.0    | -1985.177266 
  2.00  |   100.00   |   320.00   || -1985.213561  | 0.0    | -1985.213561 
  2.00  |   100.00   |   340.00   || -1984.998567  | 0.0    | -1984.998567 
  2.00  |   104.00   |   0.00   || -1985.031557  | 0.0    | -1985.031557 
  2.00  |   104.00   |   20.00   || -1984.87835  | 0.0    | -1984.87835 
  2.00  |   104.00   |   40.00   || -1985.017541  | 0.0    | -1985.017541 
  2.00  |   104.00   |   60.00   || -1985.26323  | 0.0    | -1985.26323 
  2.00  |   104.00   |   80.00   || -1985.609363  | 0.0    | -1985.609363 
  2.00  |   104.00   |   100.00   || -1985.327068  | 0.0    | -1985.327068 
  2.00  |   104.00   |   120.00   || -1985.383188  | 0.0    | -1985.383188 
  2.00  |   104.00   |   140.00   || -1985.433588  | 0.0    | -1985.433588 
  2.00  |   104.00   |   160.00   || -1986.043453  | 0.0    | -1986.043453 
  2.00  |   104.00   |   180.00   || -1984.92697  | 0.0    | -1984.92697 
  2.00  |   104.00   |   200.00   || -1984.864464  | 0.0    | -1984.864464 
  2.00  |   104.00   |   220.00   || -1985.267719  | 0.0    | -1985.267719 
  2.00  |   104.00   |   240.00   || -1985.625651  | 0.0    | -1985.625651 
  2.00  |   104.00   |   260.00   || -1985.358597  | 0.0    | -1985.358597 
  2.00  |   104.00   |   280.00   || -1985.088849  | 0.0    | -1985.088849 
  2.00  |   104.00   |   300.00   || -1985.356609  | 0.0    | -1985.356609 
  2.00  |   104.00   |   320.00   || -1985.144257  | 0.0    | -1985.144257 
  2.00  |   104.00   |   340.00   || -1985.120773  | 0.0    | -1985.120773 
  2.00  |   108.00   |   0.00   || -1984.857751  | 0.0    | -1984.857751 
  2.00  |   108.00   |   20.00   || -1984.869782  | 0.0    | -1984.869782 
  2.00  |   108.00   |   40.00   || -1984.787139  | 0.0    | -1984.787139 
  2.00  |   108.00   |   60.00   || -1985.482572  | 0.0    | -1985.482572 
  2.00  |   108.00   |   80.00   || -1985.50207  | 0.0    | -1985.50207 
  2.00  |   108.00   |   100.00   || -1985.062332  | 0.0    | -1985.062332 
  2.00  |   108.00   |   120.00   || -1984.832908  | 0.0    | -1984.832908 
  2.00  |   108.00   |   140.00   || -1985.383898  | 0.0    | -1985.383898 
  2.00  |   108.00   |   160.00   || -1985.642232  | 0.0    | -1985.642232 
  2.00  |   108.00   |   180.00   || -1984.84459  | 0.0    | -1984.84459 
  2.00  |   108.00   |   200.00   || -1984.631427  | 0.0    | -1984.631427 
  2.00  |   108.00   |   220.00   || -1985.028874  | 0.0    | -1985.028874 
  2.00  |   108.00   |   240.00   || -1985.660559  | 0.0    | -1985.660559 
  2.00  |   108.00   |   260.00   || -1984.899476  | 0.0    | -1984.899476 
  2.00  |   108.00   |   280.00   || -1985.287052  | 0.0    | -1985.287052 
  2.00  |   108.00   |   300.00   || -1985.398211  | 0.0    | -1985.398211 
  2.00  |   108.00   |   320.00   || -1984.891251  | 0.0    | -1984.891251 
  2.00  |   108.00   |   340.00   || -1984.678974  | 0.0    | -1984.678974 
  2.00  |   112.00   |   0.00   || -1985.049781  | 0.0    | -1985.049781 
  2.00  |   112.00   |   20.00   || -1984.982893  | 0.0    | -1984.982893 
  2.00  |   112.00   |   40.00   || -1984.886463  | 0.0    | -1984.886463 
  2.00  |   112.00   |   60.00   || -1985.45581  | 0.0    | -1985.45581 
  2.00  |   112.00   |   80.00   || -1985.593028  | 0.0    | -1985.593028 
  2.00  |   112.00   |   100.00   || -1985.398569  | 0.0    | -1985.398569 
  2.00  |   112.00   |   120.00   || -1984.542306  | 0.0    | -1984.542306 
  2.00  |   112.00   |   140.00   || -1985.097456  | 0.0    | -1985.097456 
  2.00  |   112.00   |   160.00   || -1985.775852  | 0.0    | -1985.775852 
  2.00  |   112.00   |   180.00   || -1984.554322  | 0.0    | -1984.554322 
  2.00  |   112.00   |   200.00   || -1984.735686  | 0.0    | -1984.735686 
  2.00  |   112.00   |   220.00   || -1985.260251  | 0.0    | -1985.260251 
  2.00  |   112.00   |   240.00   || -1985.446694  | 0.0    | -1985.446694 
  2.00  |   112.00   |   260.00   || -1984.400208  | 0.0    | -1984.400208 
  2.00  |   112.00   |   280.00   || -1985.57022  | 0.0    | -1985.57022 
  2.00  |   112.00   |   300.00   || -1985.18793  | 0.0    | -1985.18793 
  2.00  |   112.00   |   320.00   || -1984.692116  | 0.0    | -1984.692116 
  2.00  |   112.00   |   340.00   || -1984.685122  | 0.0    | -1984.685122 
  2.00  |   116.00   |   0.00   || -1984.853929  | 0.0    | -1984.853929 
  2.00  |   116.00   |   20.00   || -1985.005857  | 0.0    | -1985.005857 
  2.00  |   116.00   |   40.00   || -1984.784461  | 0.0    | -1984.784461 
  2.00  |   116.00   |   60.00   || -1985.036066  | 0.0    | -1985.036066 
  2.00  |   116.00   |   80.00   || -1985.83158  | 0.0    | -1985.83158 
  2.00  |   116.00   |   100.00   || -1985.673666  | 0.0    | -1985.673666 
  2.00  |   116.00   |   120.00   || -1985.061326  | 0.0    | -1985.061326 
  2.00  |   116.00   |   140.00   || -1984.864056  | 0.0    | -1984.864056 
  2.00  |   116.00   |   160.00   || -1985.644384  | 0.0    | -1985.644384 
  2.00  |   116.00   |   180.00   || -1985.148162  | 0.0    | -1985.148162 
  2.00  |   116.00   |   200.00   || -1984.778666  | 0.0    | -1984.778666 
  2.00  |   116.00   |   220.00   || -1985.623882  | 0.0    | -1985.623882 
  2.00  |   116.00   |   240.00   || -1985.16131  | 0.0    | -1985.16131 
  2.00  |   116.00   |   260.00   || -1984.514508  | 0.0    | -1984.514508 
  2.00  |   116.00   |   280.00   || -1985.536238  | 0.0    | -1985.536238 
  2.00  |   116.00   |   300.00   || -1985.352617  | 0.0    | -1985.352617 
  2.00  |   116.00   |   320.00   || -1984.891822  | 0.0    | -1984.891822 
  2.00  |   116.00   |   340.00   || -1984.906891  | 0.0    | -1984.906891 
  2.00  |   120.00   |   0.00   || -1984.661275  | 0.0    | -1984.661275 
  2.00  |   120.00   |   20.00   || -1985.179593  | 0.0    | -1985.179593 
  2.00  |   120.00   |   40.00   || -1984.860946  | 0.0    | -1984.860946 
  2.00  |   120.00   |   60.00   || -1984.775599  | 0.0    | -1984.775599 
  2.00  |   120.00   |   80.00   || -1985.473308  | 0.0    | -1985.473308 
  2.00  |   120.00   |   100.00   || -1985.506581  | 0.0    | -1985.506581 
  2.00  |   120.00   |   120.00   || -1984.884728  | 0.0    | -1984.884728 
  2.00  |   120.00   |   140.00   || -1984.935996  | 0.0    | -1984.935996 
  2.00  |   120.00   |   160.00   || -1985.627668  | 0.0    | -1985.627668 
  2.00  |   120.00   |   180.00   || -1985.076024  | 0.0    | -1985.076024 
  2.00  |   120.00   |   200.00   || -1984.824455  | 0.0    | -1984.824455 
  2.00  |   120.00   |   220.00   || -1985.515874  | 0.0    | -1985.515874 
  2.00  |   120.00   |   240.00   || -1985.238619  | 0.0    | -1985.238619 
  2.00  |   120.00   |   260.00   || -1984.557382  | 0.0    | -1984.557382 
  2.00  |   120.00   |   280.00   || -1985.412496  | 0.0    | -1985.412496 
  2.00  |   120.00   |   300.00   || -1985.196684  | 0.0    | -1985.196684 
  2.00  |   120.00   |   320.00   || -1985.108072  | 0.0    | -1985.108072 
  2.00  |   120.00   |   340.00   || -1984.322259  | 0.0    | -1984.322259 
  2.00  |   124.00   |   0.00   || -1984.869413  | 0.0    | -1984.869413 
  2.00  |   124.00   |   20.00   || -1985.116771  | 0.0    | -1985.116771 
  2.00  |   124.00   |   40.00   || -1984.840239  | 0.0    | -1984.840239 
  2.00  |   124.00   |   60.00   || -1984.913424  | 0.0    | -1984.913424 
  2.00  |   124.00   |   80.00   || -1985.112218  | 0.0    | -1985.112218 
  2.00  |   124.00   |   100.00   || -1985.277146  | 0.0    | -1985.277146 
  2.00  |   124.00   |   120.00   || -1984.856422  | 0.0    | -1984.856422 
  2.00  |   124.00   |   140.00   || -1984.984097  | 0.0    | -1984.984097 
  2.00  |   124.00   |   160.00   || -1985.524399  | 0.0    | -1985.524399 
  2.00  |   124.00   |   180.00   || -1985.360422  | 0.0    | -1985.360422 
  2.00  |   124.00   |   200.00   || -1985.091667  | 0.0    | -1985.091667 
  2.00  |   124.00   |   220.00   || -1985.48684  | 0.0    | -1985.48684 
  2.00  |   124.00   |   240.00   || -1985.491344  | 0.0    | -1985.491344 
  2.00  |   124.00   |   260.00   || -1984.608784  | 0.0    | -1984.608784 
  2.00  |   124.00   |   280.00   || -1985.081398  | 0.0    | -1985.081398 
  2.00  |   124.00   |   300.00   || -1985.299125  | 0.0    | -1985.299125 
  2.00  |   124.00   |   320.00   || -1984.832162  | 0.0    | -1984.832162 
  2.00  |   124.00   |   340.00   || -1984.405292  | 0.0    | -1984.405292 
  2.00  |   128.00   |   0.00   || -1984.512809  | 0.0    | -1984.512809 
  2.00  |   128.00   |   20.00   || -1984.974815  | 0.0    | -1984.974815 
  2.00  |   128.00   |   40.00   || -1984.573495  | 0.0    | -1984.573495 
  2.00  |   128.00   |   60.00   || -1985.031713  | 0.0    | -1985.031713 
  2.00  |   128.00   |   80.00   || -1984.988133  | 0.0    | -1984.988133 
  2.00  |   128.00   |   100.00   || -1985.007635  | 0.0    | -1985.007635 
  2.00  |   128.00   |   120.00   || -1985.045097  | 0.0    | -1985.045097 
  2.00  |   128.00   |   140.00   || -1985.381719  | 0.0    | -1985.381719 
  2.00  |   128.00   |   160.00   || -1985.648386  | 0.0    | -1985.648386 
  2.00  |   128.00   |   180.00   || -1985.007241  | 0.0    | -1985.007241 
  2.00  |   128.00   |   200.00   || -1985.095362  | 0.0    | -1985.095362 
  2.00  |   128.00   |   220.00   || -1985.254779  | 0.0    | -1985.254779 
  2.00  |   128.00   |   240.00   || -1985.219362  | 0.0    | -1985.219362 
  2.00  |   128.00   |   260.00   || -1984.582036  | 0.0    | -1984.582036 
  2.00  |   128.00   |   280.00   || -1985.03947  | 0.0    | -1985.03947 
  2.00  |   128.00   |   300.00   || -1985.248547  | 0.0    | -1985.248547 
  2.00  |   128.00   |   320.00   || -1985.132052  | 0.0    | -1985.132052 
  2.00  |   128.00   |   340.00   || -1984.553195  | 0.0    | -1984.553195 
  2.00  |   132.00   |   0.00   || -1984.385989  | 0.0    | -1984.385989 
  2.00  |   132.00   |   20.00   || -1985.026463  | 0.0    | -1985.026463 
  2.00  |   132.00   |   40.00   || -1984.709156  | 0.0    | -1984.709156 
  2.00  |   132.00   |   60.00   || -1985.04671  | 0.0    | -1985.04671 
  2.00  |   132.00   |   80.00   || -1984.685281  | 0.0    | -1984.685281 
  2.00  |   132.00   |   100.00   || -1984.94586  | 0.0    | -1984.94586 
  2.00  |   132.00   |   120.00   || -1985.059987  | 0.0    | -1985.059987 
  2.00  |   132.00   |   140.00   || -1985.164932  | 0.0    | -1985.164932 
  2.00  |   132.00   |   160.00   || -1985.191628  | 0.0    | -1985.191628 
  2.00  |   132.00   |   180.00   || -1984.508112  | 0.0    | -1984.508112 
  2.00  |   132.00   |   200.00   || -1985.185625  | 0.0    | -1985.185625 
  2.00  |   132.00   |   220.00   || -1984.962296  | 0.0    | -1984.962296 
  2.00  |   132.00   |   240.00   || -1985.259319  | 0.0    | -1985.259319 
  2.00  |   132.00   |   260.00   || -1985.074558  | 0.0    | -1985.074558 
  2.00  |   132.00   |   280.00   || -1985.27108  | 0.0    | -1985.27108 
  2.00  |   132.00   |   300.00   || -1985.431309  | 0.0    | -1985.431309 
  2.00  |   132.00   |   320.00   || -1985.596034  | 0.0    | -1985.596034 
  2.00  |   132.00   |   340.00   || -1984.769948  | 0.0    | -1984.769948 
  2.00  |   136.00   |   0.00   || -1984.398953  | 0.0    | -1984.398953 
  2.00  |   136.00   |   20.00   || -1985.00345  | 0.0    | -1985.00345 
  2.00  |   136.00   |   40.00   || -1984.805673  | 0.0    | -1984.805673 
  2.00  |   136.00   |   60.00   || -1984.794805  | 0.0    | -1984.794805 
  2.00  |   136.00   |   80.00   || -1984.784173  | 0.0    | -1984.784173 
  2.00  |   136.00   |   100.00   || -1985.247523  | 0.0    | -1985.247523 
  2.00  |   136.00   |   120.00   || -1985.346845  | 0.0    | -1985.346845 
  2.00  |   136.00   |   140.00   || -1985.321643  | 0.0    | -1985.321643 
  2.00  |   136.00   |   160.00   || -1984.776869  | 0.0    | -1984.776869 
  2.00  |   136.00   |   180.00   || -1984.399414  | 0.0    | -1984.399414 
  2.00  |   136.00   |   200.00   || -1985.182623  | 0.0    | -1985.182623 
  2.00  |   136.00   |   220.00   || -1984.762274  | 0.0    | -1984.762274 
  2.00  |   136.00   |   240.00   || -1984.922345  | 0.0    | -1984.922345 
  2.00  |   136.00   |   260.00   || -1984.782481  | 0.0    | -1984.782481 
  2.00  |   136.00   |   280.00   || -1985.167644  | 0.0    | -1985.167644 
  2.00  |   136.00   |   300.00   || -1985.346055  | 0.0    | -1985.346055 
  2.00  |   136.00   |   320.00   || -1985.274574  | 0.0    | -1985.274574 
  2.00  |   136.00   |   340.00   || -1984.82614  | 0.0    | -1984.82614 
  2.00  |   140.00   |   0.00   || -1984.591129  | 0.0    | -1984.591129 
  2.00  |   140.00   |   20.00   || -1985.067284  | 0.0    | -1985.067284 
  2.00  |   140.00   |   40.00   || -1985.002288  | 0.0    | -1985.002288 
  2.00  |   140.00   |   60.00   || -1985.030287  | 0.0    | -1985.030287 
  2.00  |   140.00   |   80.00   || -1984.90149  | 0.0    | -1984.90149 
  2.00  |   140.00   |   100.00   || -1985.14014  | 0.0    | -1985.14014 
  2.00  |   140.00   |   120.00   || -1985.310214  | 0.0    | -1985.310214 
  2.00  |   140.00   |   140.00   || -1985.46805  | 0.0    | -1985.46805 
  2.00  |   140.00   |   160.00   || -1984.65526  | 0.0    | -1984.65526 
  2.00  |   140.00   |   180.00   || -1984.574404  | 0.0    | -1984.574404 
  2.00  |   140.00   |   200.00   || -1984.898891  | 0.0    | -1984.898891 
  2.00  |   140.00   |   220.00   || -1984.789273  | 0.0    | -1984.789273 
  2.00  |   140.00   |   240.00   || -1985.047184  | 0.0    | -1985.047184 
  2.00  |   140.00   |   260.00   || -1984.852336  | 0.0    | -1984.852336 
  2.00  |   140.00   |   280.00   || -1984.918381  | 0.0    | -1984.918381 
  2.00  |   140.00   |   300.00   || -1985.123606  | 0.0    | -1985.123606 
  2.00  |   140.00   |   320.00   || -1985.171476  | 0.0    | -1985.171476 
  2.00  |   140.00   |   340.00   || -1985.25665  | 0.0    | -1985.25665 
  2.00  |   144.00   |   0.00   || -1985.022045  | 0.0    | -1985.022045 
  2.00  |   144.00   |   20.00   || -1984.969066  | 0.0    | -1984.969066 
  2.00  |   144.00   |   40.00   || -1985.205691  | 0.0    | -1985.205691 
  2.00  |   144.00   |   60.00   || -1985.320112  | 0.0    | -1985.320112 
  2.00  |   144.00   |   80.00   || -1984.502622  | 0.0    | -1984.502622 
  2.00  |   144.00   |   100.00   || -1984.972746  | 0.0    | -1984.972746 
  2.00  |   144.00   |   120.00   || -1985.198436  | 0.0    | -1985.198436 
  2.00  |   144.00   |   140.00   || -1984.920829  | 0.0    | -1984.920829 
  2.00  |   144.00   |   160.00   || -1984.654873  | 0.0    | -1984.654873 
  2.00  |   144.00   |   180.00   || -1984.879549  | 0.0    | -1984.879549 
  2.00  |   144.00   |   200.00   || -1985.070426  | 0.0    | -1985.070426 
  2.00  |   144.00   |   220.00   || -1984.903315  | 0.0    | -1984.903315 
  2.00  |   144.00   |   240.00   || -1985.220636  | 0.0    | -1985.220636 
  2.00  |   144.00   |   260.00   || -1985.235724  | 0.0    | -1985.235724 
  2.00  |   144.00   |   280.00   || -1985.212781  | 0.0    | -1985.212781 
  2.00  |   144.00   |   300.00   || -1985.024229  | 0.0    | -1985.024229 
  2.00  |   144.00   |   320.00   || -1985.297228  | 0.0    | -1985.297228 
  2.00  |   144.00   |   340.00   || -1985.530533  | 0.0    | -1985.530533 
  2.00  |   148.00   |   0.00   || -1985.17481  | 0.0    | -1985.17481 
  2.00  |   148.00   |   20.00   || -1984.935375  | 0.0    | -1984.935375 
  2.00  |   148.00   |   40.00   || -1985.45144  | 0.0    | -1985.45144 
  2.00  |   148.00   |   60.00   || -1985.264946  | 0.0    | -1985.264946 
  2.00  |   148.00   |   80.00   || -1984.642658  | 0.0    | -1984.642658 
  2.00  |   148.00   |   100.00   || -1985.226957  | 0.0    | -1985.226957 
  2.00  |   148.00   |   120.00   || -1985.176609  | 0.0    | -1985.176609 
  2.00  |   148.00   |   140.00   || -1984.925077  | 0.0    | -1984.925077 
  2.00  |   148.00   |   160.00   || -1984.33136  | 0.0    | -1984.33136 
  2.00  |   148.00   |   180.00   || -1984.930583  | 0.0    | -1984.930583 
  2.00  |   148.00   |   200.00   || -1985.185262  | 0.0    | -1985.185262 
  2.00  |   148.00   |   220.00   || -1984.915852  | 0.0    | -1984.915852 
  2.00  |   148.00   |   240.00   || -1984.947093  | 0.0    | -1984.947093 
  2.00  |   148.00   |   260.00   || -1985.252592  | 0.0    | -1985.252592 
  2.00  |   148.00   |   280.00   || -1985.623598  | 0.0    | -1985.623598 
  2.00  |   148.00   |   300.00   || -1984.968881  | 0.0    | -1984.968881 
  2.00  |   148.00   |   320.00   || -1984.72599  | 0.0    | -1984.72599 
  2.00  |   148.00   |   340.00   || -1985.546725  | 0.0    | -1985.546725 
  2.00  |   152.00   |   0.00   || -1985.087866  | 0.0    | -1985.087866 
  2.00  |   152.00   |   20.00   || -1984.630404  | 0.0    | -1984.630404 
  2.00  |   152.00   |   40.00   || -1985.665768  | 0.0    | -1985.665768 
  2.00  |   152.00   |   60.00   || -1985.28918  | 0.0    | -1985.28918 
  2.00  |   152.00   |   80.00   || -1984.608752  | 0.0    | -1984.608752 
  2.00  |   152.00   |   100.00   || -1985.576176  | 0.0    | -1985.576176 
  2.00  |   152.00   |   120.00   || -1985.290419  | 0.0    | -1985.290419 
  2.00  |   152.00   |   140.00   || -1984.95271  | 0.0    | -1984.95271 
  2.00  |   152.00   |   160.00   || -1984.852086  | 0.0    | -1984.852086 
  2.00  |   152.00   |   180.00   || -1984.661269  | 0.0    | -1984.661269 
  2.00  |   152.00   |   200.00   || -1985.112375  | 0.0    | -1985.112375 
  2.00  |   152.00   |   220.00   || -1985.150357  | 0.0    | -1985.150357 
  2.00  |   152.00   |   240.00   || -1985.08736  | 0.0    | -1985.08736 
  2.00  |   152.00   |   260.00   || -1985.643025  | 0.0    | -1985.643025 
  2.00  |   152.00   |   280.00   || -1985.50761  | 0.0    | -1985.50761 
  2.00  |   152.00   |   300.00   || -1985.016939  | 0.0    | -1985.016939 
  2.00  |   152.00   |   320.00   || -1984.841011  | 0.0    | -1984.841011 
  2.00  |   152.00   |   340.00   || -1985.370739  | 0.0    | -1985.370739 
  2.00  |   156.00   |   0.00   || -1984.786251  | 0.0    | -1984.786251 
  2.00  |   156.00   |   20.00   || -1984.774644  | 0.0    | -1984.774644 
  2.00  |   156.00   |   40.00   || -1985.322946  | 0.0    | -1985.322946 
  2.00  |   156.00   |   60.00   || -1985.187685  | 0.0    | -1985.187685 
  2.00  |   156.00   |   80.00   || -1984.310362  | 0.0    | -1984.310362 
  2.00  |   156.00   |   100.00   || -1985.624035  | 0.0    | -1985.624035 
  2.00  |   156.00   |   120.00   || -1985.435434  | 0.0    | -1985.435434 
  2.00  |   156.00   |   140.00   || -1984.989277  | 0.0    | -1984.989277 
  2.00  |   156.00   |   160.00   || -1984.864315  | 0.0    | -1984.864315 
  2.00  |   156.00   |   180.00   || -1985.000132  | 0.0    | -1985.000132 
  2.00  |   156.00   |   200.00   || -1985.16241  | 0.0    | -1985.16241 
  2.00  |   156.00   |   220.00   || -1984.997851  | 0.0    | -1984.997851 
  2.00  |   156.00   |   240.00   || -1985.258949  | 0.0    | -1985.258949 
  2.00  |   156.00   |   260.00   || -1985.748969  | 0.0    | -1985.748969 
  2.00  |   156.00   |   280.00   || -1985.590739  | 0.0    | -1985.590739 
  2.00  |   156.00   |   300.00   || -1984.736245  | 0.0    | -1984.736245 
  2.00  |   156.00   |   320.00   || -1984.884808  | 0.0    | -1984.884808 
  2.00  |   156.00   |   340.00   || -1985.550339  | 0.0    | -1985.550339 
  2.00  |   160.00   |   0.00   || -1984.743728  | 0.0    | -1984.743728 
  2.00  |   160.00   |   20.00   || -1984.596506  | 0.0    | -1984.596506 
  2.00  |   160.00   |   40.00   || -1985.169201  | 0.0    | -1985.169201 
  2.00  |   160.00   |   60.00   || -1985.513503  | 0.0    | -1985.513503 
  2.00  |   160.00   |   80.00   || -1984.634983  | 0.0    | -1984.634983 
  2.00  |   160.00   |   100.00   || -1985.471554  | 0.0    | -1985.471554 
  2.00  |   160.00   |   120.00   || -1985.175325  | 0.0    | -1985.175325 
  2.00  |   160.00   |   140.00   || -1984.805138  | 0.0    | -1984.805138 
  2.00  |   160.00   |   160.00   || -1984.662272  | 0.0    | -1984.662272 
  2.00  |   160.00   |   180.00   || -1985.055241  | 0.0    | -1985.055241 
  2.00  |   160.00   |   200.00   || -1985.04874  | 0.0    | -1985.04874 
  2.00  |   160.00   |   220.00   || -1984.736294  | 0.0    | -1984.736294 
  2.00  |   160.00   |   240.00   || -1985.448078  | 0.0    | -1985.448078 
  2.00  |   160.00   |   260.00   || -1985.517518  | 0.0    | -1985.517518 
  2.00  |   160.00   |   280.00   || -1985.232924  | 0.0    | -1985.232924 
  2.00  |   160.00   |   300.00   || -1984.718454  | 0.0    | -1984.718454 
  2.00  |   160.00   |   320.00   || -1985.070383  | 0.0    | -1985.070383 
  2.00  |   160.00   |   340.00   || -1985.916983  | 0.0    | -1985.916983 
  2.00  |   164.00   |   0.00   || -1984.823749  | 0.0    | -1984.823749 
  2.00  |   164.00   |   20.00   || -1984.554078  | 0.0    | -1984.554078 
  2.00  |   164.00   |   40.00   || -1985.035579  | 0.0    | -1985.035579 
  2.00  |   164.00   |   60.00   || -1985.455412  | 0.0    | -1985.455412 
  2.00  |   164.00   |   80.00   || -1985.257411  | 0.0    | -1985.257411 
  2.00  |   164.00   |   100.00   || -1985.15255  | 0.0    | -1985.15255 
  2.00  |   164.00   |   120.00   || -1985.389371  | 0.0    | -1985.389371 
  2.00  |   164.00   |   140.00   || -1985.052554  | 0.0    | -1985.052554 
  2.00  |   164.00   |   160.00   || -1984.903067  | 0.0    | -1984.903067 
  2.00  |   164.00   |   180.00   || -1984.986466  | 0.0    | -1984.986466 
  2.00  |   164.00   |   200.00   || -1985.056834  | 0.0    | -1985.056834 
  2.00  |   164.00   |   220.00   || -1984.865737  | 0.0    | -1984.865737 
  2.00  |   164.00   |   240.00   || -1985.458177  | 0.0    | -1985.458177 
  2.00  |   164.00   |   260.00   || -1985.660506  | 0.0    | -1985.660506 
  2.00  |   164.00   |   280.00   || -1985.181396  | 0.0    | -1985.181396 
  2.00  |   164.00   |   300.00   || -1985.202003  | 0.0    | -1985.202003 
  2.00  |   164.00   |   320.00   || -1985.54769  | 0.0    | -1985.54769 
  2.00  |   164.00   |   340.00   || -1985.782028  | 0.0    | -1985.782028 
  2.00  |   168.00   |   0.00   || -1985.108623  | 0.0    | -1985.108623 
  2.00  |   168.00   |   20.00   || -1984.984689  | 0.0    | -1984.984689 
  2.00  |   168.00   |   40.00   || -1985.256786  | 0.0    | -1985.256786 
  2.00  |   168.00   |   60.00   || -1985.585002  | 0.0    | -1985.585002 
  2.00  |   168.00   |   80.00   || -1985.237429  | 0.0    | -1985.237429 
  2.00  |   168.00   |   100.00   || -1985.00903  | 0.0    | -1985.00903 
  2.00  |   168.00   |   120.00   || -1985.335263  | 0.0    | -1985.335263 
  2.00  |   168.00   |   140.00   || -1985.111808  | 0.0    | -1985.111808 
  2.00  |   168.00   |   160.00   || -1985.067  | 0.0    | -1985.067 
  2.00  |   168.00   |   180.00   || -1985.091133  | 0.0    | -1985.091133 
  2.00  |   168.00   |   200.00   || -1984.988534  | 0.0    | -1984.988534 
  2.00  |   168.00   |   220.00   || -1985.140412  | 0.0    | -1985.140412 
  2.00  |   168.00   |   240.00   || -1985.428758  | 0.0    | -1985.428758 
  2.00  |   168.00   |   260.00   || -1985.510192  | 0.0    | -1985.510192 
  2.00  |   168.00   |   280.00   || -1985.19921  | 0.0    | -1985.19921 
  2.00  |   168.00   |   300.00   || -1985.37242  | 0.0    | -1985.37242 
  2.00  |   168.00   |   320.00   || -1985.364297  | 0.0    | -1985.364297 
  2.00  |   168.00   |   340.00   || -1985.548525  | 0.0    | -1985.548525 
  2.00  |   172.00   |   0.00   || -1985.094227  | 0.0    | -1985.094227 
  2.00  |   172.00   |   20.00   || -1985.12179  | 0.0    | -1985.12179 
  2.00  |   172.00   |   40.00   || -1985.385015  | 0.0    | -1985.385015 
  2.00  |   172.00   |   60.00   || -1985.473553  | 0.0    | -1985.473553 
  2.00  |   172.00   |   80.00   || -1985.256758  | 0.0    | -1985.256758 
  2.00  |   172.00   |   100.00   || -1985.168118  | 0.0    | -1985.168118 
  2.00  |   172.00   |   120.00   || -1984.944052  | 0.0    | -1984.944052 
  2.00  |   172.00   |   140.00   || -1985.250484  | 0.0    | -1985.250484 
  2.00  |   172.00   |   160.00   || -1984.999157  | 0.0    | -1984.999157 
  2.00  |   172.00   |   180.00   || -1985.228237  | 0.0    | -1985.228237 
  2.00  |   172.00   |   200.00   || -1985.104215  | 0.0    | -1985.104215 
  2.00  |   172.00   |   220.00   || -1985.186232  | 0.0    | -1985.186232 
  2.00  |   172.00   |   240.00   || -1985.373203  | 0.0    | -1985.373203 
  2.00  |   172.00   |   260.00   || -1985.587141  | 0.0    | -1985.587141 
  2.00  |   172.00   |   280.00   || -1984.991444  | 0.0    | -1984.991444 
  2.00  |   172.00   |   300.00   || -1985.428673  | 0.0    | -1985.428673 
  2.00  |   172.00   |   320.00   || -1985.164865  | 0.0    | -1985.164865 
  2.00  |   172.00   |   340.00   || -1985.470624  | 0.0    | -1985.470624 
  2.00  |   176.00   |   0.00   || -1985.146587  | 0.0    | -1985.146587 
  2.00  |   176.00   |   20.00   || -1984.87681  | 0.0    | -1984.87681 
  2.00  |   176.00   |   40.00   || -1985.342874  | 0.0    | -1985.342874 
  2.00  |   176.00   |   60.00   || -1985.355016  | 0.0    | -1985.355016 
  2.00  |   176.00   |   80.00   || -1985.211504  | 0.0    | -1985.211504 
  2.00  |   176.00   |   100.00   || -1984.976674  | 0.0    | -1984.976674 
  2.00  |   176.00   |   120.00   || -1985.048816  | 0.0    | -1985.048816 
  2.00  |   176.00   |   140.00   || -1985.344964  | 0.0    | -1985.344964 
  2.00  |   176.00   |   160.00   || -1985.121476  | 0.0    | -1985.121476 
  2.00  |   176.00   |   180.00   || -1985.038491  | 0.0    | -1985.038491 
  2.00  |   176.00   |   200.00   || -1985.085438  | 0.0    | -1985.085438 
  2.00  |   176.00   |   220.00   || -1985.181822  | 0.0    | -1985.181822 
  2.00  |   176.00   |   240.00   || -1985.373557  | 0.0    | -1985.373557 
  2.00  |   176.00   |   260.00   || -1985.410812  | 0.0    | -1985.410812 
  2.00  |   176.00   |   280.00   || -1984.808067  | 0.0    | -1984.808067 
  2.00  |   176.00   |   300.00   || -1985.339664  | 0.0    | -1985.339664 
  2.00  |   176.00   |   320.00   || -1985.174506  | 0.0    | -1985.174506 
  2.00  |   176.00   |   340.00   || -1985.659491  | 0.0    | -1985.659491 
  2.00  |   180.00   |   0.00   || -1984.95334  | 0.0    | -1984.95334 
