
Parameter file:
Precision   double 
K           1
Nk          9
K_fine      19
thresold    0.5
BSZ         128
restart     200
tolerance   1e-5
max_iter    1000
P           4
eps         1e-12
NCRIT       500
theta       0.5
GPU         1

Protein file: 1fza_interaction/mesh/1fza_NanoShaper_d04
Sensor  file: NA
Phi     file: NA


Number of elements  : 367952 
Number of iterations: max: 52, min: 1, avg: 50 
Coulombic energy    : -96818963.402453 kcal/mol 
Total time          : max: 537.596646s, min: 126.488732s, avg: 512.634869s 

                    ||              kcal/mol
  h     | Tilt   |  Rotat  ||    Esolv      |    Esurf     |      Esurf+Esolv 
------------------------------------------------------------------------------ 
  2.00  |  80.00  |  0.00 || -1985.181873  | 0.0    | -1985.181873 
  2.00  |  80.00  |  20.00 || -1984.969024  | 0.0    | -1984.969024 
  2.00  |  80.00  |  40.00 || -1985.186391  | 0.0    | -1985.186391 
  2.00  |  80.00  |  60.00 || -1985.482193  | 0.0    | -1985.482193 
  2.00  |  80.00  |  80.00 || -1985.42973  | 0.0    | -1985.42973 
  2.00  |  80.00  |  100.00 || -1985.008323  | 0.0    | -1985.008323 
  2.00  |  80.00  |  120.00 || -1985.075405  | 0.0    | -1985.075405 
  2.00  |  80.00  |  140.00 || -1985.188874  | 0.0    | -1985.188874 
  2.00  |  80.00  |  160.00 || -1984.991003  | 0.0    | -1984.991003 
  2.00  |  80.00  |  180.00 || -1984.956123  | 0.0    | -1984.956123 
  2.00  |  80.00  |  200.00 || -1985.048905  | 0.0    | -1985.048905 
  2.00  |  80.00  |  220.00 || -1985.113226  | 0.0    | -1985.113226 
  2.00  |  80.00  |  240.00 || -1985.48335  | 0.0    | -1985.48335 
  2.00  |  80.00  |  260.00 || -1985.598511  | 0.0    | -1985.598511 
  2.00  |  80.00  |  280.00 || -1985.183191  | 0.0    | -1985.183191 
  2.00  |  80.00  |  300.00 || -1985.66332  | 0.0    | -1985.66332 
  2.00  |  80.00  |  320.00 || -1985.199945  | 0.0    | -1985.199945 
  2.00  |  80.00  |  340.00 || -1985.542057  | 0.0    | -1985.542057 
  2.00  |  84.00  |  0.00 || -1985.049875  | 0.0    | -1985.049875 
  2.00  |  84.00  |  20.00 || -1984.894706  | 0.0    | -1984.894706 
  2.00  |  84.00  |  40.00 || -1985.290801  | 0.0    | -1985.290801 
  2.00  |  84.00  |  60.00 || -1985.389503  | 0.0    | -1985.389503 
  2.00  |  84.00  |  80.00 || -1985.174824  | 0.0    | -1985.174824 
  2.00  |  84.00  |  100.00 || -1984.962282  | 0.0    | -1984.962282 
  2.00  |  84.00  |  120.00 || -1984.853808  | 0.0    | -1984.853808 
  2.00  |  84.00  |  140.00 || -1985.316407  | 0.0    | -1985.316407 
  2.00  |  84.00  |  160.00 || -1985.099871  | 0.0    | -1985.099871 
  2.00  |  84.00  |  180.00 || -1985.124225  | 0.0    | -1985.124225 
  2.00  |  84.00  |  200.00 || -1985.025876  | 0.0    | -1985.025876 
  2.00  |  84.00  |  220.00 || -1985.102654  | 0.0    | -1985.102654 
  2.00  |  84.00  |  240.00 || -1985.440382  | 0.0    | -1985.440382 
  2.00  |  84.00  |  260.00 || -1985.647104  | 0.0    | -1985.647104 
  2.00  |  84.00  |  280.00 || -1984.83867  | 0.0    | -1984.83867 
  2.00  |  84.00  |  300.00 || -1985.491791  | 0.0    | -1985.491791 
  2.00  |  84.00  |  320.00 || -1985.295329  | 0.0    | -1985.295329 
  2.00  |  84.00  |  340.00 || -1985.517626  | 0.0    | -1985.517626 
  2.00  |  88.00  |  0.00 || -1984.950993  | 0.0    | -1984.950993 
  2.00  |  88.00  |  20.00 || -1984.635796  | 0.0    | -1984.635796 
  2.00  |  88.00  |  40.00 || -1985.093372  | 0.0    | -1985.093372 
  2.00  |  88.00  |  60.00 || -1985.375912  | 0.0    | -1985.375912 
  2.00  |  88.00  |  80.00 || -1985.157331  | 0.0    | -1985.157331 
  2.00  |  88.00  |  100.00 || -1984.927461  | 0.0    | -1984.927461 
  2.00  |  88.00  |  120.00 || -1985.085655  | 0.0    | -1985.085655 
  2.00  |  88.00  |  140.00 || -1985.239948  | 0.0    | -1985.239948 
  2.00  |  88.00  |  160.00 || -1985.191762  | 0.0    | -1985.191762 
  2.00  |  88.00  |  180.00 || -1984.991936  | 0.0    | -1984.991936 
  2.00  |  88.00  |  200.00 || -1985.034388  | 0.0    | -1985.034388 
  2.00  |  88.00  |  220.00 || -1985.190081  | 0.0    | -1985.190081 
  2.00  |  88.00  |  240.00 || -1985.426436  | 0.0    | -1985.426436 
  2.00  |  88.00  |  260.00 || -1985.281629  | 0.0    | -1985.281629 
  2.00  |  88.00  |  280.00 || -1984.834954  | 0.0    | -1984.834954 
  2.00  |  88.00  |  300.00 || -1985.187412  | 0.0    | -1985.187412 
  2.00  |  88.00  |  320.00 || -1985.084835  | 0.0    | -1985.084835 
  2.00  |  88.00  |  340.00 || -1985.371496  | 0.0    | -1985.371496 
  2.00  |  92.00  |  0.00 || -1984.874358  | 0.0    | -1984.874358 
  2.00  |  92.00  |  20.00 || -1984.910584  | 0.0    | -1984.910584 
  2.00  |  92.00  |  40.00 || -1985.130055  | 0.0    | -1985.130055 
  2.00  |  92.00  |  60.00 || -1985.362326  | 0.0    | -1985.362326 
  2.00  |  92.00  |  80.00 || -1985.264234  | 0.0    | -1985.264234 
  2.00  |  92.00  |  100.00 || -1984.787349  | 0.0    | -1984.787349 
  2.00  |  92.00  |  120.00 || -1985.23905  | 0.0    | -1985.23905 
  2.00  |  92.00  |  140.00 || -1985.070358  | 0.0    | -1985.070358 
  2.00  |  92.00  |  160.00 || -1985.326913  | 0.0    | -1985.326913 
  2.00  |  92.00  |  180.00 || -1985.010101  | 0.0    | -1985.010101 
  2.00  |  92.00  |  200.00 || -1984.874227  | 0.0    | -1984.874227 
  2.00  |  92.00  |  220.00 || -1985.19799  | 0.0    | -1985.19799 
  2.00  |  92.00  |  240.00 || -1985.39554  | 0.0    | -1985.39554 
  2.00  |  92.00  |  260.00 || -1985.227088  | 0.0    | -1985.227088 
  2.00  |  92.00  |  280.00 || -1984.929516  | 0.0    | -1984.929516 
  2.00  |  92.00  |  300.00 || -1985.085496  | 0.0    | -1985.085496 
  2.00  |  92.00  |  320.00 || -1985.285039  | 0.0    | -1985.285039 
  2.00  |  92.00  |  340.00 || -1985.104857  | 0.0    | -1985.104857 
  2.00  |  96.00  |  0.00 || -1985.109003  | 0.0    | -1985.109003 
  2.00  |  96.00  |  20.00 || -1985.016968  | 0.0    | -1985.016968 
  2.00  |  96.00  |  40.00 || -1985.091927  | 0.0    | -1985.091927 
  2.00  |  96.00  |  60.00 || -1985.462398  | 0.0    | -1985.462398 
  2.00  |  96.00  |  80.00 || -1985.576386  | 0.0    | -1985.576386 
  2.00  |  96.00  |  100.00 || -1984.84666  | 0.0    | -1984.84666 
  2.00  |  96.00  |  120.00 || -1985.462759  | 0.0    | -1985.462759 
  2.00  |  96.00  |  140.00 || -1985.259251  | 0.0    | -1985.259251 
  2.00  |  96.00  |  160.00 || -1985.48825  | 0.0    | -1985.48825 
  2.00  |  96.00  |  180.00 || -1985.057659  | 0.0    | -1985.057659 
  2.00  |  96.00  |  200.00 || -1985.043798  | 0.0    | -1985.043798 
  2.00  |  96.00  |  220.00 || -1985.325799  | 0.0    | -1985.325799 
  2.00  |  96.00  |  240.00 || -1985.435115  | 0.0    | -1985.435115 
  2.00  |  96.00  |  260.00 || -1985.157279  | 0.0    | -1985.157279 
  2.00  |  96.00  |  280.00 || -1985.071996  | 0.0    | -1985.071996 
  2.00  |  96.00  |  300.00 || -1984.877529  | 0.0    | -1984.877529 
  2.00  |  96.00  |  320.00 || -1985.313937  | 0.0    | -1985.313937 
  2.00  |  96.00  |  340.00 || -1985.054737  | 0.0    | -1985.054737 
  2.00  |  100.00  |  0.00 || -1984.977435  | 0.0    | -1984.977435 
  2.00  |  100.00  |  20.00 || -1985.041502  | 0.0    | -1985.041502 
  2.00  |  100.00  |  40.00 || -1985.133437  | 0.0    | -1985.133437 
  2.00  |  100.00  |  60.00 || -1985.469516  | 0.0    | -1985.469516 
  2.00  |  100.00  |  80.00 || -1985.530124  | 0.0    | -1985.530124 
  2.00  |  100.00  |  100.00 || -1985.143965  | 0.0    | -1985.143965 
  2.00  |  100.00  |  120.00 || -1985.651687  | 0.0    | -1985.651687 
  2.00  |  100.00  |  140.00 || -1985.188159  | 0.0    | -1985.188159 
  2.00  |  100.00  |  160.00 || -1985.520679  | 0.0    | -1985.520679 
  2.00  |  100.00  |  180.00 || -1985.212384  | 0.0    | -1985.212384 
  2.00  |  100.00  |  200.00 || -1985.055849  | 0.0    | -1985.055849 
  2.00  |  100.00  |  220.00 || -1985.258528  | 0.0    | -1985.258528 
  2.00  |  100.00  |  240.00 || -1985.534888  | 0.0    | -1985.534888 
  2.00  |  100.00  |  260.00 || -1985.396127  | 0.0    | -1985.396127 
  2.00  |  100.00  |  280.00 || -1985.079467  | 0.0    | -1985.079467 
  2.00  |  100.00  |  300.00 || -1985.177266  | 0.0    | -1985.177266 
  2.00  |  100.00  |  320.00 || -1985.213561  | 0.0    | -1985.213561 
  2.00  |  100.00  |  340.00 || -1984.998567  | 0.0    | -1984.998567 
  2.00  |  104.00  |  0.00 || -1985.031557  | 0.0    | -1985.031557 
  2.00  |  104.00  |  20.00 || -1984.87835  | 0.0    | -1984.87835 
  2.00  |  104.00  |  40.00 || -1985.017541  | 0.0    | -1985.017541 
  2.00  |  104.00  |  60.00 || -1985.26323  | 0.0    | -1985.26323 
  2.00  |  104.00  |  80.00 || -1985.609363  | 0.0    | -1985.609363 
  2.00  |  104.00  |  100.00 || -1985.327068  | 0.0    | -1985.327068 
  2.00  |  104.00  |  120.00 || -1985.383188  | 0.0    | -1985.383188 
  2.00  |  104.00  |  140.00 || -1985.433588  | 0.0    | -1985.433588 
  2.00  |  104.00  |  160.00 || -1986.043453  | 0.0    | -1986.043453 
  2.00  |  104.00  |  180.00 || -1984.92697  | 0.0    | -1984.92697 
  2.00  |  104.00  |  200.00 || -1984.864464  | 0.0    | -1984.864464 
  2.00  |  104.00  |  220.00 || -1985.267719  | 0.0    | -1985.267719 
  2.00  |  104.00  |  240.00 || -1985.625651  | 0.0    | -1985.625651 
  2.00  |  104.00  |  260.00 || -1985.358597  | 0.0    | -1985.358597 
  2.00  |  104.00  |  280.00 || -1985.088849  | 0.0    | -1985.088849 
  2.00  |  104.00  |  300.00 || -1985.356609  | 0.0    | -1985.356609 
  2.00  |  104.00  |  320.00 || -1985.144257  | 0.0    | -1985.144257 
  2.00  |  104.00  |  340.00 || -1985.120773  | 0.0    | -1985.120773 
  2.00  |  108.00  |  0.00 || -1984.857751  | 0.0    | -1984.857751 
  2.00  |  108.00  |  20.00 || -1984.869782  | 0.0    | -1984.869782 
  2.00  |  108.00  |  40.00 || -1984.787139  | 0.0    | -1984.787139 
  2.00  |  108.00  |  60.00 || -1985.482572  | 0.0    | -1985.482572 
  2.00  |  108.00  |  80.00 || -1985.50207  | 0.0    | -1985.50207 
  2.00  |  108.00  |  100.00 || -1985.062332  | 0.0    | -1985.062332 
  2.00  |  108.00  |  120.00 || -1984.832908  | 0.0    | -1984.832908 
  2.00  |  108.00  |  140.00 || -1985.383898  | 0.0    | -1985.383898 
  2.00  |  108.00  |  160.00 || -1985.642232  | 0.0    | -1985.642232 
  2.00  |  108.00  |  180.00 || -1984.84459  | 0.0    | -1984.84459 
  2.00  |  108.00  |  200.00 || -1984.631427  | 0.0    | -1984.631427 
  2.00  |  108.00  |  220.00 || -1985.028874  | 0.0    | -1985.028874 
  2.00  |  108.00  |  240.00 || -1985.660559  | 0.0    | -1985.660559 
  2.00  |  108.00  |  260.00 || -1984.899476  | 0.0    | -1984.899476 
  2.00  |  108.00  |  280.00 || -1985.287052  | 0.0    | -1985.287052 
  2.00  |  108.00  |  300.00 || -1985.398211  | 0.0    | -1985.398211 
  2.00  |  108.00  |  320.00 || -1984.891251  | 0.0    | -1984.891251 
  2.00  |  108.00  |  340.00 || -1984.678974  | 0.0    | -1984.678974 
  2.00  |  112.00  |  0.00 || -1985.049781  | 0.0    | -1985.049781 
  2.00  |  112.00  |  20.00 || -1984.982893  | 0.0    | -1984.982893 
  2.00  |  112.00  |  40.00 || -1984.886463  | 0.0    | -1984.886463 
  2.00  |  112.00  |  60.00 || -1985.45581  | 0.0    | -1985.45581 
  2.00  |  112.00  |  80.00 || -1985.593028  | 0.0    | -1985.593028 
  2.00  |  112.00  |  100.00 || -1985.398569  | 0.0    | -1985.398569 
  2.00  |  112.00  |  120.00 || -1984.542306  | 0.0    | -1984.542306 
  2.00  |  112.00  |  140.00 || -1985.097456  | 0.0    | -1985.097456 
  2.00  |  112.00  |  160.00 || -1985.775852  | 0.0    | -1985.775852 
  2.00  |  112.00  |  180.00 || -1984.554322  | 0.0    | -1984.554322 
  2.00  |  112.00  |  200.00 || -1984.735686  | 0.0    | -1984.735686 
  2.00  |  112.00  |  220.00 || -1985.260251  | 0.0    | -1985.260251 
  2.00  |  112.00  |  240.00 || -1985.446694  | 0.0    | -1985.446694 
  2.00  |  112.00  |  260.00 || -1984.400208  | 0.0    | -1984.400208 
  2.00  |  112.00  |  280.00 || -1985.57022  | 0.0    | -1985.57022 
  2.00  |  112.00  |  300.00 || -1985.18793  | 0.0    | -1985.18793 
  2.00  |  112.00  |  320.00 || -1984.692116  | 0.0    | -1984.692116 
  2.00  |  112.00  |  340.00 || -1984.685122  | 0.0    | -1984.685122 
