0.0 0.0 -0.04711199999997007 
4.0 0.0 -0.098564000000124 
4.0 20.0 -0.14259900000001835 
4.0 40.0 -0.2810910000000604 
4.0 60.0 -0.43142699999998513 
4.0 80.0 -0.5009820000000218 
4.0 100.0 0.08038199999987228 
4.0 120.0 -0.4347050000001218 
4.0 140.0 -0.24650500000007014 
4.0 160.0 -0.6926530000000639 
4.0 180.0 -0.23068899999998393 
4.0 200.0 0.029732999999851017 
4.0 220.0 -0.3906520000000455 
4.0 240.0 -0.4241540000000441 
4.0 260.0 -0.24036999999998443 
4.0 280.0 -0.05893300000002455 
4.0 300.0 -0.09278700000004392 
4.0 320.0 -0.42814900000007583 
4.0 340.0 -0.1656749999999647 
8.0 0.0 -0.3119850000000497 
8.0 20.0 -0.1919500000001335 
8.0 40.0 -0.25503500000013446 
8.0 60.0 -0.44351000000006024 
8.0 80.0 -0.6817020000000866 
8.0 100.0 -0.07801199999994424 
8.0 120.0 -0.5226760000000468 
8.0 140.0 -0.2699330000000373 
8.0 160.0 -0.5902490000000853 
8.0 180.0 -0.1433670000001257 
8.0 200.0 -0.17290200000002187 
8.0 220.0 -0.4631289999999808 
8.0 240.0 -0.5721320000000105 
8.0 260.0 -0.2973460000000614 
8.0 280.0 -0.21721100000013394 
8.0 300.0 -0.0411140000001069 
8.0 320.0 -0.4249930000000859 
8.0 340.0 -0.030668999999988955 
12.0 0.0 -0.17292599999996128 
12.0 20.0 -0.0704960000000483 
12.0 40.0 -0.11820899999997891 
12.0 60.0 -0.5038839999999709 
12.0 80.0 -0.6069620000000668 
12.0 100.0 -0.2626070000001164 
12.0 120.0 -0.479329000000007 
12.0 140.0 -0.47849199999996017 
12.0 160.0 -0.6715360000000601 
12.0 180.0 -0.18159000000014203 
12.0 200.0 -0.11395300000003772 
12.0 220.0 -0.34412399999996524 
12.0 240.0 -0.653287999999975 
12.0 260.0 -0.3626160000001164 
12.0 280.0 -0.13010899999994763 
12.0 300.0 -0.38020800000003874 
12.0 320.0 -0.1479220000001078 
12.0 340.0 -0.12086199999998826 
16.0 0.0 0.023547000000007756 
16.0 20.0 -0.1463300000000345 
16.0 40.0 0.08565999999996166 
16.0 60.0 -0.5738949999999932 
16.0 80.0 -0.7636500000000979 
16.0 100.0 -0.25895300000001953 
16.0 120.0 -0.2759760000001279 
16.0 140.0 -0.6141880000000128 
16.0 160.0 -0.8807010000000446 
16.0 180.0 0.047600999999986016 
16.0 200.0 0.28142000000002554 
16.0 220.0 -0.11761799999999312 
16.0 240.0 -0.5527420000000802 
16.0 260.0 -0.3283120000000963 
16.0 280.0 -0.1902780000000348 
16.0 300.0 -0.467886000000135 
16.0 320.0 -0.12471900000014102 
16.0 340.0 0.04011100000002443 
20.0 0.0 -0.1320459999999457 
20.0 20.0 -0.04285200000003897 
20.0 40.0 0.19971899999995912 
20.0 60.0 -0.5559290000001056 
20.0 80.0 -0.5295370000001185 
20.0 100.0 -0.2883190000000013 
20.0 120.0 0.14738099999999577 
20.0 140.0 -0.19607300000006944 
20.0 160.0 -1.0149699999999484 
20.0 180.0 0.12631899999996676 
20.0 200.0 0.23215000000004693 
20.0 220.0 -0.3308830000000853 
20.0 240.0 -0.5987130000000889 
20.0 260.0 0.2598129999998946 
20.0 280.0 -0.5541050000001633 
20.0 300.0 -0.2328660000000582 
20.0 320.0 0.10130899999990106 
20.0 340.0 0.3340689999999995 
24.0 0.0 -0.09810700000002726 
24.0 20.0 -0.21722999999997228 
24.0 40.0 -0.07540400000016234 
24.0 60.0 -0.3720210000001316 
24.0 80.0 -0.833364999999958 
24.0 100.0 -0.6780610000000706 
24.0 120.0 0.16376999999988584 
24.0 140.0 -0.021238000000039392 
24.0 160.0 -0.6740990000000693 
24.0 180.0 0.079625999999962 
24.0 200.0 0.16588099999989936 
24.0 220.0 -0.4525650000000496 
24.0 240.0 -0.2667380000000321 
24.0 260.0 0.5877040000000306 
24.0 280.0 -0.6536040000000867 
24.0 300.0 -0.5102620000000115 
24.0 320.0 -0.042480000000068685 
24.0 340.0 0.07468300000005001 
28.0 0.0 0.3249980000000505 
28.0 20.0 -0.15201900000010937 
28.0 40.0 -0.2410059999999703 
28.0 60.0 -0.1683700000000954 
28.0 80.0 -0.7522630000000845 
28.0 100.0 -0.6225349999999708 
28.0 120.0 -0.16393600000014885 
28.0 140.0 0.032052999999905296 
28.0 160.0 -0.5324869999999464 
28.0 180.0 -0.2299399999999423 
28.0 200.0 0.3153620000000501 
28.0 220.0 -0.7342080000000806 
28.0 240.0 -0.4378189999999904 
28.0 260.0 0.3342760000000453 
28.0 280.0 -0.6399850000000242 
28.0 300.0 -0.39871400000015456 
28.0 320.0 0.006990999999970882 
28.0 340.0 0.05368299999986448 
32.0 0.0 0.05503899999985151 
32.0 20.0 -0.3377900000000409 
32.0 40.0 0.02840199999991455 
32.0 60.0 0.026226999999835243 
32.0 80.0 -0.30468100000007325 
32.0 100.0 -0.7301340000001346 
32.0 120.0 -0.07684900000003836 
32.0 140.0 0.16714600000000246 
32.0 160.0 -0.7270129999999426 
32.0 180.0 -0.328029000000015 
32.0 200.0 0.0031919999998990534 
32.0 220.0 -0.5853100000001632 
32.0 240.0 -0.3749649999999747 
32.0 260.0 0.26402699999994184 
32.0 280.0 -0.2721080000001166 
32.0 300.0 -0.24880000000007385 
32.0 320.0 0.043155999999953565 
32.0 340.0 0.580056999999897 
36.0 0.0 0.16472899999985202 
36.0 20.0 -0.12624200000004748 
36.0 40.0 0.029254999999920983 
36.0 60.0 -0.2349420000000464 
36.0 80.0 -0.31249700000012126 
36.0 100.0 -0.32971599999996215 
36.0 120.0 -0.13936499999999796 
36.0 140.0 -0.4115309999999681 
36.0 160.0 -0.7552500000001601 
36.0 180.0 -0.20174100000008366 
36.0 200.0 -0.11810500000001412 
36.0 220.0 -0.401834000000008 
36.0 240.0 -0.4617800000000898 
36.0 260.0 0.3088840000000346 
36.0 280.0 -0.06007599999998092 
36.0 300.0 -0.3391670000000886 
36.0 320.0 0.01880099999993945 
36.0 340.0 0.29858199999989665 
40.0 0.0 0.3963739999999234 
40.0 20.0 0.011698000000023967 
40.0 40.0 0.1777230000000145 
40.0 60.0 -0.10370800000009694 
40.0 80.0 0.06500400000004447 
40.0 100.0 -0.06357100000013816 
40.0 120.0 -0.20048900000006142 
40.0 140.0 -0.2858880000001136 
40.0 160.0 -0.4448770000001332 
40.0 180.0 0.27646099999992657 
40.0 200.0 -0.20772600000009334 
40.0 220.0 -0.1624450000001616 
40.0 240.0 -0.23739199999999983 
40.0 260.0 -0.09771300000011252 
40.0 280.0 -0.35812699999996767 
40.0 300.0 -0.410951999999952 
40.0 320.0 -0.5074160000001484 
40.0 340.0 0.3381500000000415 
44.0 0.0 0.5426709999999275 
44.0 20.0 -0.13006399999994755 
44.0 40.0 0.18912799999998242 
44.0 60.0 -0.01587500000005093 
44.0 80.0 0.15462699999989127 
44.0 100.0 -0.1896790000000692 
44.0 120.0 -0.40575300000000425 
44.0 140.0 -0.3810479999999643 
44.0 160.0 -0.044206000000031054 
44.0 180.0 0.437778999999864 
44.0 200.0 -0.14014399999996385 
44.0 220.0 -0.02196900000012647 
44.0 240.0 0.04442700000004152 
44.0 260.0 0.009137999999893509 
44.0 280.0 -0.37332400000013877 
44.0 300.0 -0.4299519999999575 
44.0 320.0 -0.4609860000000481 
44.0 340.0 0.16071199999987584 
48.0 0.0 0.5221979999998894 
48.0 20.0 -0.1673000000000684 
48.0 40.0 -0.020289000000047963 
48.0 60.0 -0.3033430000000408 
48.0 80.0 -0.15645600000016202 
48.0 100.0 -0.33405100000004495 
48.0 120.0 -0.4712960000001658 
48.0 140.0 -0.7529050000000552 
48.0 160.0 0.11227599999983795 
48.0 180.0 0.45927899999992405 
48.0 200.0 -0.18814399999996567 
48.0 220.0 0.13305300000001807 
48.0 240.0 -0.22037999999997737 
48.0 260.0 0.13550499999996646 
48.0 280.0 -0.1124489999999696 
48.0 300.0 -0.16756299999997282 
48.0 320.0 -0.2560849999999846 
48.0 340.0 -0.2070089999999709 
52.0 0.0 0.013788999999860607 
52.0 20.0 -0.09353200000009565 
52.0 40.0 -0.3672020000001339 
52.0 60.0 -0.28136700000004566 
52.0 80.0 0.34036300000002484 
52.0 100.0 -0.18406900000013593 
52.0 120.0 -0.2985200000000532 
52.0 140.0 -0.21492499999999382 
52.0 160.0 0.2812099999998736 
52.0 180.0 0.3400500000000193 
52.0 200.0 -0.11793600000009974 
52.0 220.0 0.22229700000002595 
52.0 240.0 -0.23713100000009035 
52.0 260.0 -0.17770199999995384 
52.0 280.0 -0.2017430000000786 
52.0 300.0 -0.19275200000015502 
52.0 320.0 -0.47343000000000757 
52.0 340.0 -0.7009890000001633 
56.0 0.0 -0.37358100000005834 
56.0 20.0 -0.15709000000015294 
56.0 40.0 -0.5018950000001041 
56.0 60.0 -0.5357510000001184 
56.0 80.0 0.3089589999999589 
56.0 100.0 -0.13634400000000824 
56.0 120.0 -0.3908890000000156 
56.0 140.0 0.0483520000000226 
56.0 160.0 0.40980599999988954 
56.0 180.0 -0.12418999999999869 
56.0 200.0 -0.2835740000000442 
56.0 220.0 -0.0666479999999865 
56.0 240.0 -0.13362400000005437 
56.0 260.0 -0.28126399999996465 
56.0 280.0 -0.4167520000000877 
56.0 300.0 0.037051000000019485 
56.0 320.0 -0.026759000000083688 
56.0 340.0 -0.6590770000000248 
60.0 0.0 -0.16719899999998233 
60.0 20.0 0.17414399999984198 
60.0 40.0 -0.5465830000000551 
60.0 60.0 -0.3168840000000728 
60.0 80.0 0.3927859999998873 
60.0 100.0 -0.49674000000004526 
60.0 120.0 -0.24200100000007296 
60.0 140.0 -0.2201239999999416 
60.0 160.0 0.5409339999998792 
60.0 180.0 0.16608799999994517 
60.0 200.0 -0.36027000000012777 
60.0 220.0 0.03143899999986388 
60.0 240.0 0.013420999999880223 
60.0 260.0 -0.6007090000000517 
60.0 280.0 -0.5788340000001426 
60.0 300.0 -0.02140899999994872 
60.0 320.0 -0.05938000000014654 
60.0 340.0 -0.6126659999999902 
64.0 0.0 -0.25888800000006995 
64.0 20.0 0.18597999999997228 
64.0 40.0 -0.6956230000000687 
64.0 60.0 -0.20129399999996167 
64.0 80.0 0.43922999999995227 
64.0 100.0 -0.5836000000001604 
64.0 120.0 -0.4142450000001645 
64.0 140.0 -0.026963000000023385 
64.0 160.0 -0.05661699999996017 
64.0 180.0 -0.035820999999941705 
64.0 200.0 -0.1967620000000352 
64.0 220.0 0.06039299999997638 
64.0 240.0 -0.1701219999999921 
64.0 260.0 -0.9273800000000847 
64.0 280.0 -0.7097430000001168 
64.0 300.0 -0.17505500000015672 
64.0 320.0 -0.016336000000137574 
64.0 340.0 -0.676527999999962 
68.0 0.0 0.36176399999999376 
68.0 20.0 0.18190600000002632 
68.0 40.0 -0.34890199999995275 
68.0 60.0 -0.47915400000010777 
68.0 80.0 0.5800219999998717 
68.0 100.0 -0.6159890000001269 
68.0 120.0 -0.27472400000010566 
68.0 140.0 0.3019620000000032 
68.0 160.0 0.16329799999994066 
68.0 180.0 -0.20727899999997135 
68.0 200.0 -0.16314699999998084 
68.0 220.0 -0.014961000000084823 
68.0 240.0 -0.5435750000001462 
68.0 260.0 -0.7444359999999506 
68.0 280.0 -0.4496320000000651 
68.0 300.0 0.3496189999998478 
68.0 320.0 -0.14791300000001684 
68.0 340.0 -0.8644460000000436 
72.0 0.0 0.12263800000005176 
72.0 20.0 0.27791499999989355 
72.0 40.0 -0.0630740000001424 
72.0 60.0 -0.6620370000000548 
72.0 80.0 0.05945099999985359 
72.0 100.0 -0.3692200000000412 
72.0 120.0 -0.46240899999997964 
72.0 140.0 -1.9999999949504854e-05 
72.0 160.0 0.17586200000005192 
72.0 180.0 -0.06275300000015704 
72.0 200.0 -0.04258000000004358 
72.0 220.0 0.10502999999994245 
72.0 240.0 -0.5513180000000375 
72.0 260.0 -0.6000679999999647 
72.0 280.0 -0.17842399999994996 
72.0 300.0 0.03869099999997161 
72.0 320.0 -0.5255730000001222 
72.0 340.0 -0.7748659999999745 
76.0 0.0 -0.009833999999955267 
76.0 20.0 0.11044700000002194 
76.0 40.0 -0.25380199999995057 
76.0 60.0 -0.6458950000001096 
76.0 80.0 -0.454578999999967 
76.0 100.0 -0.14677400000005036 
76.0 120.0 -0.45452000000000226 
76.0 140.0 -0.2636850000001232 
76.0 160.0 -0.257680000000164 
76.0 180.0 -0.17347500000005311 
76.0 200.0 -0.030482000000120024 
76.0 220.0 -0.11515699999995377 
76.0 240.0 -0.42847900000015215 
76.0 260.0 -0.7348700000000008 
76.0 280.0 -0.47727099999997336 
76.0 300.0 -0.4964670000001661 
76.0 320.0 -0.5507880000000114 
76.0 340.0 -1.1168720000000576 
80.0 0.0 -0.28933600000004844 
80.0 20.0 -0.07648700000004283 
80.0 40.0 -0.2938540000000103 
80.0 60.0 -0.5896560000001045 
80.0 80.0 -0.5371930000001157 
80.0 100.0 -0.115786000000071 
80.0 120.0 -0.18286800000009862 
80.0 140.0 -0.2963369999999941 
80.0 160.0 -0.09846600000014405 
80.0 180.0 -0.0635859999999866 
80.0 200.0 -0.15636800000015683 
80.0 220.0 -0.22068899999999303 
80.0 240.0 -0.5908130000000256 
80.0 260.0 -0.7059739999999692 
80.0 280.0 -0.2906540000001314 
80.0 300.0 -0.770783000000165 
80.0 320.0 -0.30740800000012314 
80.0 340.0 -0.649520000000166 
84.0 0.0 -0.15733799999998155 
84.0 20.0 -0.0021690000000944565 
84.0 40.0 -0.39826400000015383 
84.0 60.0 -0.4969660000001568 
84.0 80.0 -0.2822869999999966 
84.0 100.0 -0.06974500000001171 
84.0 120.0 0.03872899999987567 
84.0 140.0 -0.423870000000079 
84.0 160.0 -0.20733399999994617 
84.0 180.0 -0.2316880000000765 
84.0 200.0 -0.13333899999997811 
84.0 220.0 -0.21011700000008204 
84.0 240.0 -0.5478450000000521 
84.0 260.0 -0.7545669999999518 
84.0 280.0 0.05386699999985467 
84.0 300.0 -0.5992539999999735 
84.0 320.0 -0.4027920000000904 
84.0 340.0 -0.6250890000001164 
88.0 0.0 -0.0584559999999783 
88.0 20.0 0.25674099999991995 
88.0 40.0 -0.20083500000009735 
88.0 60.0 -0.48337500000002365 
88.0 80.0 -0.2647940000001654 
88.0 100.0 -0.03492400000004636 
88.0 120.0 -0.19311800000014046 
88.0 140.0 -0.3474109999999655 
88.0 160.0 -0.29922499999997854 
88.0 180.0 -0.0993989999999485 
88.0 200.0 -0.14185100000008788 
88.0 220.0 -0.29754400000001624 
88.0 240.0 -0.5338990000000194 
88.0 260.0 -0.3890920000001188 
88.0 280.0 0.057583000000022366 
88.0 300.0 -0.2948750000000473 
88.0 320.0 -0.1922980000001644 
88.0 340.0 -0.47895900000003166 
92.0 0.0 0.018178999999918233 
92.0 20.0 -0.018047000000024127 
92.0 40.0 -0.23751800000013645 
92.0 60.0 -0.4697889999999916 
92.0 80.0 -0.37169700000004013 
92.0 100.0 0.10518799999999828 
92.0 120.0 -0.346512999999959 
92.0 140.0 -0.17782099999999446 
92.0 160.0 -0.43437600000015664 
92.0 180.0 -0.11756400000012945 
92.0 200.0 0.01830999999992855 
92.0 220.0 -0.30545299999994313 
92.0 240.0 -0.5030030000000352 
92.0 260.0 -0.3345510000001468 
92.0 280.0 -0.036978999999973894 
92.0 300.0 -0.19295899999997346 
92.0 320.0 -0.39250200000014956 
92.0 340.0 -0.21232000000009066 
96.0 0.0 -0.2164660000000822 
96.0 20.0 -0.12443099999995866 
96.0 40.0 -0.19938999999999396 
96.0 60.0 -0.5698609999999462 
96.0 80.0 -0.6838490000000093 
96.0 100.0 0.0458770000000186 
96.0 120.0 -0.570222000000058 
96.0 140.0 -0.36671400000000176 
96.0 160.0 -0.5957130000001598 
96.0 180.0 -0.16512200000011035 
96.0 200.0 -0.15126099999997678 
96.0 220.0 -0.43326200000001336 
96.0 240.0 -0.5425780000000486 
96.0 260.0 -0.2647420000000693 
96.0 280.0 -0.17945899999995163 
96.0 300.0 0.015007999999852473 
96.0 320.0 -0.4213999999999487 
96.0 340.0 -0.16219999999998436 
100.0 0.0 -0.08489800000006653 
100.0 20.0 -0.14896500000008928 
100.0 40.0 -0.24090000000001055 
100.0 60.0 -0.5769790000001649 
100.0 80.0 -0.6375869999999395 
100.0 100.0 -0.2514280000000326 
100.0 120.0 -0.7591500000000906 
100.0 140.0 -0.295622000000094 
100.0 160.0 -0.6281420000000253 
100.0 180.0 -0.31984699999998156 
100.0 200.0 -0.16331200000013268 
100.0 220.0 -0.36599100000012186 
100.0 240.0 -0.6423509999999624 
100.0 260.0 -0.5035900000000311 
100.0 280.0 -0.18693000000007487 
100.0 300.0 -0.28472899999997026 
100.0 320.0 -0.32102400000007947 
100.0 340.0 -0.10603000000014617 
104.0 0.0 -0.1390200000000732 
104.0 20.0 0.014186999999992622 
104.0 40.0 -0.1250039999999899 
104.0 60.0 -0.3706930000000739 
104.0 80.0 -0.7168260000000828 
104.0 100.0 -0.43453100000010636 
104.0 120.0 -0.4906510000000708 
104.0 140.0 -0.5410510000001523 
104.0 160.0 -1.150916000000052 
104.0 180.0 -0.03443300000003546 
104.0 200.0 0.02807299999994939 
104.0 220.0 -0.37518199999999524 
104.0 240.0 -0.7331140000001142 
104.0 260.0 -0.4660599999999704 
104.0 280.0 -0.19631200000003446 
104.0 300.0 -0.4640719999999874 
104.0 320.0 -0.2517199999999775 
104.0 340.0 -0.22823600000015176 
108.0 0.0 0.03478599999994003 
108.0 20.0 0.022754999999961 
108.0 40.0 0.10539799999992283 
108.0 60.0 -0.5900349999999435 
108.0 80.0 -0.6095330000000558 
108.0 100.0 -0.1697950000000219 
108.0 120.0 0.059628999999858934 
108.0 140.0 -0.4913610000000972 
108.0 160.0 -0.7496949999999742 
108.0 180.0 0.047947000000021944 
108.0 200.0 0.2611099999999169 
108.0 220.0 -0.1363370000001396 
108.0 240.0 -0.7680219999999736 
108.0 260.0 -0.006939000000102169 
108.0 280.0 -0.39451499999995576 
108.0 300.0 -0.5056739999999991 
108.0 320.0 0.0012859999999363936 
108.0 340.0 0.21356300000002193 
112.0 0.0 -0.1572439999999915 
112.0 20.0 -0.0903560000001562 
112.0 40.0 0.0060739999998986605 
112.0 60.0 -0.563272999999981 
112.0 80.0 -0.7004910000000564 
112.0 100.0 -0.5060320000000047 
112.0 120.0 0.35023099999989427 
112.0 140.0 -0.20491900000001806 
112.0 160.0 -0.8833150000000387 
112.0 180.0 0.33821499999999105 
112.0 200.0 0.15685099999996055 
112.0 220.0 -0.3677139999999781 
112.0 240.0 -0.554157000000032 
112.0 260.0 0.49232899999992696 
112.0 280.0 -0.6776830000001155 
112.0 300.0 -0.2953930000001037 
112.0 320.0 0.20042100000000573 
112.0 340.0 0.20741499999985535 
116.0 0.0 0.038607999999840104 
116.0 20.0 -0.11332000000015796 
116.0 40.0 0.10807599999998274 
116.0 60.0 -0.14352899999994406 
116.0 80.0 -0.9390430000000833 
116.0 100.0 -0.7811289999999644 
116.0 120.0 -0.1687890000000607 
116.0 140.0 0.028481000000056156 
116.0 160.0 -0.7518469999999979 
116.0 180.0 -0.2556250000000091 
116.0 200.0 0.11387100000001737 
116.0 220.0 -0.7313450000001467 
116.0 240.0 -0.26877300000001014 
116.0 260.0 0.37802899999996953 
116.0 280.0 -0.6437009999999646 
116.0 300.0 -0.4600800000000618 
116.0 320.0 0.0007149999999001011 
116.0 340.0 -0.014354000000139422 
120.0 0.0 0.23126200000001518 
120.0 20.0 -0.28705600000012055 
120.0 40.0 0.031590999999934866 
120.0 60.0 0.11693799999989096 
120.0 80.0 -0.5807710000001407 
120.0 100.0 -0.614044000000149 
120.0 120.0 0.007808999999951993 
120.0 140.0 -0.04345899999998437 
120.0 160.0 -0.7351310000001376 
120.0 180.0 -0.18348700000001372 
120.0 200.0 0.06808200000000397 
120.0 220.0 -0.6233369999999923 
120.0 240.0 -0.346082000000024 
120.0 260.0 0.3351549999999861 
120.0 280.0 -0.5199589999999716 
120.0 300.0 -0.30414700000005723 
120.0 320.0 -0.21553500000004533 
120.0 340.0 0.5702779999999166 
124.0 0.0 0.023124000000052547 
124.0 20.0 -0.22423400000002403 
124.0 40.0 0.052297999999836975 
124.0 60.0 -0.020887000000129774 
124.0 80.0 -0.21968100000003687 
124.0 100.0 -0.3846089999999549 
124.0 120.0 0.03611499999988155 
124.0 140.0 -0.09156000000007225 
124.0 160.0 -0.6318619999999555 
124.0 180.0 -0.46788500000002387 
124.0 200.0 -0.19912999999996828 
124.0 220.0 -0.5943030000000817 
124.0 240.0 -0.5988070000000789 
124.0 260.0 0.2837529999999333 
124.0 280.0 -0.1888610000000881 
124.0 300.0 -0.4065880000000561 
124.0 320.0 0.06037500000002183 
124.0 340.0 0.4872450000000299 
128.0 0.0 0.3797279999998864 
128.0 20.0 -0.08227800000008756 
128.0 40.0 0.31904199999985394 
128.0 60.0 -0.13917600000013408 
128.0 80.0 -0.09559600000011415 
128.0 100.0 -0.11509799999998904 
128.0 120.0 -0.15255999999999403 
128.0 140.0 -0.489182000000028 
128.0 160.0 -0.7558490000001257 
128.0 180.0 -0.1147040000000743 
128.0 200.0 -0.2028250000000753 
128.0 220.0 -0.36224200000015117 
128.0 240.0 -0.32682500000009895 
128.0 260.0 0.3105009999999311 
128.0 280.0 -0.14693299999999 
128.0 300.0 -0.3560099999999693 
128.0 320.0 -0.23951499999998305 
128.0 340.0 0.3393419999999878 
132.0 0.0 0.5065479999998388 
132.0 20.0 -0.133925999999974 
132.0 40.0 0.18338100000005397 
132.0 60.0 -0.154173000000128 
132.0 80.0 0.20725599999991573 
132.0 100.0 -0.05332300000009127 
132.0 120.0 -0.16745000000014443 
132.0 140.0 -0.2723949999999604 
132.0 160.0 -0.2990910000000895 
132.0 180.0 0.3844249999999647 
132.0 200.0 -0.29308800000012525 
132.0 220.0 -0.06975899999997637 
132.0 240.0 -0.36678200000005745 
132.0 260.0 -0.18202100000007704 
132.0 280.0 -0.37854300000003605 
132.0 300.0 -0.5387720000001082 
132.0 320.0 -0.7034969999999703 
132.0 340.0 0.12258899999983441 
136.0 0.0 0.4935840000000553 
136.0 20.0 -0.11091299999998228 
136.0 40.0 0.0868639999998777 
136.0 60.0 0.09773199999995086 
136.0 80.0 0.10836399999993773 
136.0 100.0 -0.35498600000005354 
136.0 120.0 -0.45430800000008276 
136.0 140.0 -0.42910600000004706 
136.0 160.0 0.11566799999991417 
136.0 180.0 0.49312299999996867 
136.0 200.0 -0.29008599999997386 
136.0 220.0 0.13026300000001356 
136.0 240.0 -0.02980800000000272 
136.0 260.0 0.11005599999998594 
136.0 280.0 -0.27510700000016186 
136.0 300.0 -0.45351800000003095 
136.0 320.0 -0.3820370000000821 
136.0 340.0 0.06639700000005178 
140.0 0.0 0.30140800000003765 
140.0 20.0 -0.17474700000002485 
140.0 40.0 -0.10975099999996019 
140.0 60.0 -0.1377500000000964 
140.0 80.0 -0.008953000000019529 
140.0 100.0 -0.24760300000002644 
140.0 120.0 -0.41767700000013974 
140.0 140.0 -0.5755130000000008 
140.0 160.0 0.2372769999999491 
140.0 180.0 0.3181329999999889 
140.0 200.0 -0.006354000000101223 
140.0 220.0 0.1032639999998537 
140.0 240.0 -0.15464700000006815 
140.0 260.0 0.04020100000002458 
140.0 280.0 -0.025844000000006417 
140.0 300.0 -0.2310690000001614 
140.0 320.0 -0.2789390000000367 
140.0 340.0 -0.3641130000000885 
144.0 0.0 -0.12950799999998708 
144.0 20.0 -0.07652900000016416 
144.0 40.0 -0.3131539999999404 
144.0 60.0 -0.4275750000001608 
144.0 80.0 0.3899149999999736 
144.0 100.0 -0.080208999999968 
144.0 120.0 -0.30589899999995396 
144.0 140.0 -0.0282919999999649 
144.0 160.0 0.2376639999999952 
144.0 180.0 0.012987999999950262 
144.0 200.0 -0.17788900000005015 
144.0 220.0 -0.010778000000073007 
144.0 240.0 -0.32809900000006564 
144.0 260.0 -0.3431869999999435 
144.0 280.0 -0.3202440000000024 
144.0 300.0 -0.13169200000015735 
144.0 320.0 -0.40469099999995706 
144.0 340.0 -0.6379960000001574 
148.0 0.0 -0.28227300000003197 
148.0 20.0 -0.04283800000007432 
148.0 40.0 -0.5589030000001003 
148.0 60.0 -0.3724090000000615 
148.0 80.0 0.24987899999996444 
148.0 100.0 -0.3344200000001365 
148.0 120.0 -0.2840720000001511 
148.0 140.0 -0.03254000000015367 
148.0 160.0 0.5611770000000433 
148.0 180.0 -0.03804600000012215 
148.0 200.0 -0.29272500000001855 
148.0 220.0 -0.023315000000138753 
148.0 240.0 -0.05455600000004779 
148.0 260.0 -0.36005500000010215 
148.0 280.0 -0.7310609999999542 
148.0 300.0 -0.0763440000000628 
148.0 320.0 0.16654700000003686 
148.0 340.0 -0.6541879999999765 
152.0 0.0 -0.19532900000012887 
152.0 20.0 0.2621329999999489 
152.0 40.0 -0.7732310000001235 
152.0 60.0 -0.39664300000004005 
152.0 80.0 0.2837849999998525 
152.0 100.0 -0.6836390000000847 
152.0 120.0 -0.3978819999999814 
152.0 140.0 -0.06017300000007708 
152.0 160.0 0.040450999999848136 
152.0 180.0 0.23126800000000003 
152.0 200.0 -0.21983799999998155 
152.0 220.0 -0.2578200000000379 
152.0 240.0 -0.19482300000004216 
152.0 260.0 -0.7504880000001322 
152.0 280.0 -0.6150730000001658 
152.0 300.0 -0.12440200000014556 
152.0 320.0 0.0515259999999671 
152.0 340.0 -0.47820200000001023 
156.0 0.0 0.10628599999995458 
156.0 20.0 0.11789299999986724 
156.0 40.0 -0.4304090000000542 
156.0 60.0 -0.29514800000015384 
156.0 80.0 0.5821750000000065 
156.0 100.0 -0.7314980000001015 
156.0 120.0 -0.542897000000039 
156.0 140.0 -0.09673999999995431 
156.0 160.0 0.02822199999991426 
156.0 180.0 -0.1075949999999466 
156.0 200.0 -0.2698729999999614 
156.0 220.0 -0.10531400000013491 
156.0 240.0 -0.3664120000000821 
156.0 260.0 -0.8564320000000407 
156.0 280.0 -0.6982020000000375 
156.0 300.0 0.15629199999989396 
156.0 320.0 0.0077289999999266 
156.0 340.0 -0.6578019999999469 
160.0 0.0 0.1488090000000284 
160.0 20.0 0.29603099999985716 
160.0 40.0 -0.2766639999999825 
160.0 60.0 -0.6209659999999531 
160.0 80.0 0.25755400000002737 
160.0 100.0 -0.5790170000000217 
160.0 120.0 -0.2827879999999823 
160.0 140.0 0.08739900000000489 
160.0 160.0 0.23026499999991756 
160.0 180.0 -0.16270400000007612 
160.0 200.0 -0.15620300000000498 
160.0 220.0 0.156242999999904 
160.0 240.0 -0.5555409999999483 
160.0 260.0 -0.6249810000001617 
160.0 280.0 -0.34038699999996425 
160.0 300.0 0.1740829999998823 
160.0 320.0 -0.17784600000004502 
160.0 340.0 -1.0244460000001254 
164.0 0.0 0.06878800000004048 
164.0 20.0 0.33845900000005713 
164.0 40.0 -0.14304200000015044 
164.0 60.0 -0.5628750000000764 
164.0 80.0 -0.36487400000009984 
164.0 100.0 -0.26001300000007177 
164.0 120.0 -0.4968340000000353 
164.0 140.0 -0.16001700000015262 
164.0 160.0 -0.010530000000017026 
164.0 180.0 -0.0939290000001165 
164.0 200.0 -0.16429700000003322 
164.0 220.0 0.026799999999866486 
164.0 240.0 -0.5656400000000303 
164.0 260.0 -0.7679689999999937 
164.0 280.0 -0.2888590000000022 
164.0 300.0 -0.3094660000001568 
164.0 320.0 -0.6551530000001549 
164.0 340.0 -0.8894910000001346 
168.0 0.0 -0.21608600000013212 
168.0 20.0 -0.09215199999994184 
168.0 40.0 -0.3642489999999725 
168.0 60.0 -0.6924650000000838 
168.0 80.0 -0.3448920000000726 
168.0 100.0 -0.1164929999999913 
168.0 120.0 -0.4427259999999933 
168.0 140.0 -0.21927100000016253 
168.0 160.0 -0.17446300000005976 
168.0 180.0 -0.19859599999995226 
168.0 200.0 -0.0959970000001249 
168.0 220.0 -0.24787500000002183 
168.0 240.0 -0.5362210000000687 
168.0 260.0 -0.6176550000000134 
168.0 280.0 -0.30667300000004616 
168.0 300.0 -0.4798829999999725 
168.0 320.0 -0.4717600000001312 
168.0 340.0 -0.6559879999999794 
172.0 0.0 -0.20169000000009873 
172.0 20.0 -0.2292529999999715 
172.0 40.0 -0.4924780000001192 
172.0 60.0 -0.5810160000000906 
172.0 80.0 -0.3642210000000432 
172.0 100.0 -0.275581000000102 
172.0 120.0 -0.05151500000010856 
172.0 140.0 -0.3579469999999674 
172.0 160.0 -0.10662000000002081 
172.0 180.0 -0.33570000000008804 
172.0 200.0 -0.21167800000011994 
172.0 220.0 -0.29369500000007065 
172.0 240.0 -0.4806660000001557 
172.0 260.0 -0.6946040000000266 
172.0 280.0 -0.09890700000005381 
172.0 300.0 -0.5361359999999422 
172.0 320.0 -0.2723280000000159 
172.0 340.0 -0.5780870000000959 
176.0 0.0 -0.25405000000000655 
176.0 20.0 0.01572699999996985 
176.0 40.0 -0.45033699999999044 
176.0 60.0 -0.4624790000000303 
176.0 80.0 -0.318967000000157 
176.0 100.0 -0.0841370000000552 
176.0 120.0 -0.15627900000004047 
176.0 140.0 -0.4524269999999433 
176.0 160.0 -0.22893900000008216 
176.0 180.0 -0.1459540000000743 
176.0 200.0 -0.1929010000001199 
176.0 220.0 -0.2892850000000635 
176.0 240.0 -0.48101999999994405 
176.0 260.0 -0.5182750000001306 
176.0 280.0 0.08447000000001026 
176.0 300.0 -0.44712700000013683 
176.0 320.0 -0.2819690000001174 
176.0 340.0 -0.7669539999999415 
180.0 0.0 -0.0608030000000781 
