0.0 0.0 -0.006311014294624329 
4.0 0.0 -0.05776301026344299 
4.0 20.0 -0.10179801285266876 
4.0 40.0 -0.24029001593589783 
4.0 60.0 -0.3906260132789612 
4.0 80.0 -0.46018101274967194 
4.0 100.0 0.12118299305438995 
4.0 120.0 -0.39390401542186737 
4.0 140.0 -0.20570401847362518 
4.0 160.0 -0.651852011680603 
4.0 180.0 -0.18988801538944244 
4.0 200.0 0.07053399085998535 
4.0 220.0 -0.34985101222991943 
4.0 240.0 -0.38335300981998444 
4.0 260.0 -0.19956901669502258 
4.0 280.0 -0.01813201606273651 
4.0 300.0 -0.05198600888252258 
4.0 320.0 -0.387348011136055 
4.0 340.0 -0.12487401068210602 
8.0 0.0 -0.2711840122938156 
8.0 20.0 -0.15114901959896088 
8.0 40.0 -0.21423400938510895 
8.0 60.0 -0.4027090072631836 
8.0 80.0 -0.6409010142087936 
8.0 100.0 -0.037211015820503235 
8.0 120.0 -0.481875017285347 
8.0 140.0 -0.2291320115327835 
8.0 160.0 -0.5494480133056641 
8.0 180.0 -0.10256601870059967 
8.0 200.0 -0.13210101425647736 
8.0 220.0 -0.42232801020145416 
8.0 240.0 -0.531331017613411 
8.0 260.0 -0.2565450072288513 
8.0 280.0 -0.1764100193977356 
8.0 300.0 -0.00031301379203796387 
8.0 320.0 -0.38419201970100403 
8.0 340.0 0.010131984949111938 
12.0 0.0 -0.13212502002716064 
12.0 20.0 -0.029695019125938416 
12.0 40.0 -0.07740801572799683 
12.0 60.0 -0.46308301389217377 
12.0 80.0 -0.5661610066890717 
12.0 100.0 -0.22180601954460144 
12.0 120.0 -0.43852801620960236 
12.0 140.0 -0.43769101798534393 
12.0 160.0 -0.6307350099086761 
12.0 180.0 -0.14078901708126068 
12.0 200.0 -0.07315202057361603 
12.0 220.0 -0.30332301557064056 
12.0 240.0 -0.6124870181083679 
12.0 260.0 -0.32181501388549805 
12.0 280.0 -0.0893080085515976 
12.0 300.0 -0.3394070118665695 
12.0 320.0 -0.10712102055549622 
12.0 340.0 -0.08006101846694946 
16.0 0.0 0.06434798240661621 
16.0 20.0 -0.10552901029586792 
16.0 40.0 0.1264609843492508 
16.0 60.0 -0.5330940186977386 
16.0 80.0 -0.7228490114212036 
16.0 100.0 -0.2181520164012909 
16.0 120.0 -0.2351750135421753 
16.0 140.0 -0.573387011885643 
16.0 160.0 -0.839900016784668 
16.0 180.0 0.08840198814868927 
16.0 200.0 0.32222098112106323 
16.0 220.0 -0.07681702077388763 
16.0 240.0 -0.5119410157203674 
16.0 260.0 -0.28751102089881897 
16.0 280.0 -0.149477019906044 
16.0 300.0 -0.4270850121974945 
16.0 320.0 -0.0839180201292038 
16.0 340.0 0.08091197907924652 
20.0 0.0 -0.09124501049518585 
20.0 20.0 -0.0020510107278823853 
20.0 40.0 0.24051998555660248 
20.0 60.0 -0.5151280164718628 
20.0 80.0 -0.48873601853847504 
20.0 100.0 -0.24751801788806915 
20.0 120.0 0.18818198144435883 
20.0 140.0 -0.1552720069885254 
20.0 160.0 -0.9741690158843994 
20.0 180.0 0.16711997985839844 
20.0 200.0 0.27295099198818207 
20.0 220.0 -0.29008200764656067 
20.0 240.0 -0.5579120069742203 
20.0 260.0 0.30061398446559906 
20.0 280.0 -0.5133040100336075 
20.0 300.0 -0.1920650154352188 
20.0 320.0 0.14210999011993408 
20.0 340.0 0.3748699873685837 
24.0 0.0 -0.05730600655078888 
24.0 20.0 -0.17642901837825775 
24.0 40.0 -0.03460301458835602 
24.0 60.0 -0.33122001588344574 
24.0 80.0 -0.7925640195608139 
24.0 100.0 -0.6372600197792053 
24.0 120.0 0.20457099378108978 
24.0 140.0 0.019562989473342896 
24.0 160.0 -0.6332980096340179 
24.0 180.0 0.12042698264122009 
24.0 200.0 0.2066819816827774 
24.0 220.0 -0.4117640107870102 
24.0 240.0 -0.22593700885772705 
24.0 260.0 0.6285049915313721 
24.0 280.0 -0.6128030121326447 
24.0 300.0 -0.46946100890636444 
24.0 320.0 -0.0016790181398391724 
24.0 340.0 0.11548398435115814 
28.0 0.0 0.3657989799976349 
28.0 20.0 -0.11121802031993866 
28.0 40.0 -0.2002050131559372 
28.0 60.0 -0.1275690197944641 
28.0 80.0 -0.7114620208740234 
28.0 100.0 -0.5817340165376663 
28.0 120.0 -0.12313501536846161 
28.0 140.0 0.07285398244857788 
28.0 160.0 -0.49168601632118225 
28.0 180.0 -0.1891390085220337 
28.0 200.0 0.35616298019886017 
28.0 220.0 -0.6934070140123367 
28.0 240.0 -0.3970180153846741 
28.0 260.0 0.3750769793987274 
28.0 280.0 -0.5991840064525604 
28.0 300.0 -0.3579130172729492 
28.0 320.0 0.047791987657547 
28.0 340.0 0.09448398649692535 
32.0 0.0 0.09583999216556549 
32.0 20.0 -0.29698900878429413 
32.0 40.0 0.06920298933982849 
32.0 60.0 0.0670279860496521 
32.0 80.0 -0.26388001441955566 
32.0 100.0 -0.6893330067396164 
32.0 120.0 -0.03604800999164581 
32.0 140.0 0.2079469859600067 
32.0 160.0 -0.6862120181322098 
32.0 180.0 -0.2872280180454254 
32.0 200.0 0.04399298131465912 
32.0 220.0 -0.5445090085268021 
32.0 240.0 -0.33416400849819183 
32.0 260.0 0.3048279881477356 
32.0 280.0 -0.2313070148229599 
32.0 300.0 -0.20799902081489563 
32.0 320.0 0.08395698666572571 
32.0 340.0 0.6208579838275909 
36.0 0.0 0.20552998781204224 
36.0 20.0 -0.08544100821018219 
36.0 40.0 0.0700559914112091 
36.0 60.0 -0.19414101541042328 
36.0 80.0 -0.2716960161924362 
36.0 100.0 -0.2889150083065033 
36.0 120.0 -0.098564013838768 
36.0 140.0 -0.3707300126552582 
36.0 160.0 -0.714449018239975 
36.0 180.0 -0.1609400063753128 
36.0 200.0 -0.07730402052402496 
36.0 220.0 -0.36103300750255585 
36.0 240.0 -0.42097900807857513 
36.0 260.0 0.3496849834918976 
36.0 280.0 -0.019275009632110596 
36.0 300.0 -0.2983660101890564 
36.0 320.0 0.05960199236869812 
36.0 340.0 0.33938299119472504 
40.0 0.0 0.437174990773201 
40.0 20.0 0.05249898135662079 
40.0 40.0 0.21852397918701172 
40.0 60.0 -0.06290701031684875 
40.0 80.0 0.10580497980117798 
40.0 100.0 -0.022770017385482788 
40.0 120.0 -0.15968801081180573 
40.0 140.0 -0.24508701264858246 
40.0 160.0 -0.4040760099887848 
40.0 180.0 0.3172619938850403 
40.0 200.0 -0.16692501306533813 
40.0 220.0 -0.1216440200805664 
40.0 240.0 -0.19659101963043213 
40.0 260.0 -0.05691201984882355 
40.0 280.0 -0.31732600927352905 
40.0 300.0 -0.37015101313591003 
40.0 320.0 -0.4666150063276291 
40.0 340.0 0.37895098328590393 
44.0 0.0 0.5834719836711884 
44.0 20.0 -0.08926300704479218 
44.0 40.0 0.22992898523807526 
44.0 60.0 0.024925991892814636 
44.0 80.0 0.19542798399925232 
44.0 100.0 -0.14887800812721252 
44.0 120.0 -0.3649520128965378 
44.0 140.0 -0.3402470201253891 
44.0 160.0 -0.0034050196409225464 
44.0 180.0 0.47857998311519623 
44.0 200.0 -0.09934301674365997 
44.0 220.0 0.01883198320865631 
44.0 240.0 0.08522798120975494 
44.0 260.0 0.04993899166584015 
44.0 280.0 -0.33252301812171936 
44.0 300.0 -0.389151006937027 
44.0 320.0 -0.42018501460552216 
44.0 340.0 0.20151299238204956 
48.0 0.0 0.5629989802837372 
48.0 20.0 -0.1264990121126175 
48.0 40.0 0.020511984825134277 
48.0 60.0 -0.2625420093536377 
48.0 80.0 -0.11565501987934113 
48.0 100.0 -0.2932500094175339 
48.0 120.0 -0.4304950088262558 
48.0 140.0 -0.712104007601738 
48.0 160.0 0.15307699143886566 
48.0 180.0 0.5000799894332886 
48.0 200.0 -0.1473430097103119 
48.0 220.0 0.17385399341583252 
48.0 240.0 -0.1795790195465088 
48.0 260.0 0.17630597949028015 
48.0 280.0 -0.0716480165719986 
48.0 300.0 -0.1267620176076889 
48.0 320.0 -0.21528401970863342 
48.0 340.0 -0.16620801389217377 
52.0 0.0 0.05458998680114746 
52.0 20.0 -0.05273100733757019 
52.0 40.0 -0.3264010101556778 
52.0 60.0 -0.24056601524353027 
52.0 80.0 0.38116398453712463 
52.0 100.0 -0.14326801896095276 
52.0 120.0 -0.2577190101146698 
52.0 140.0 -0.17412401735782623 
52.0 160.0 0.32201097905635834 
52.0 180.0 0.38085098564624786 
52.0 200.0 -0.07713501155376434 
52.0 220.0 0.26309798657894135 
52.0 240.0 -0.1963300108909607 
52.0 260.0 -0.13690100610256195 
52.0 280.0 -0.16094201803207397 
52.0 300.0 -0.15195101499557495 
52.0 320.0 -0.4326290190219879 
52.0 340.0 -0.6601880192756653 
56.0 0.0 -0.33278001844882965 
56.0 20.0 -0.11628901958465576 
56.0 40.0 -0.461094006896019 
56.0 60.0 -0.4949500113725662 
56.0 80.0 0.3497599810361862 
56.0 100.0 -0.0955430120229721 
56.0 120.0 -0.3500880151987076 
56.0 140.0 0.089152991771698 
56.0 160.0 0.45060698688030243 
56.0 180.0 -0.08338901400566101 
56.0 200.0 -0.24277301132678986 
56.0 220.0 -0.025847017765045166 
56.0 240.0 -0.09282301366329193 
56.0 260.0 -0.2404630184173584 
56.0 280.0 -0.37595100700855255 
56.0 300.0 0.07785198092460632 
56.0 320.0 0.014041990041732788 
56.0 340.0 -0.6182760149240494 
60.0 0.0 -0.1263980120420456 
60.0 20.0 0.214944988489151 
60.0 40.0 -0.5057820081710815 
60.0 60.0 -0.27608300745487213 
60.0 80.0 0.433586984872818 
60.0 100.0 -0.45593900978565216 
60.0 120.0 -0.20120000839233398 
60.0 140.0 -0.1793230175971985 
60.0 160.0 0.5817349851131439 
60.0 180.0 0.20688898861408234 
60.0 200.0 -0.31946901977062225 
60.0 220.0 0.07223998010158539 
60.0 240.0 0.0542219877243042 
60.0 260.0 -0.5599080175161362 
60.0 280.0 -0.5380330085754395 
60.0 300.0 0.0193919837474823 
60.0 320.0 -0.01857900619506836 
60.0 340.0 -0.5718650072813034 
64.0 0.0 -0.21808701753616333 
64.0 20.0 0.2267809808254242 
64.0 40.0 -0.6548220068216324 
64.0 60.0 -0.16049301624298096 
64.0 80.0 0.48003098368644714 
64.0 100.0 -0.5427990108728409 
64.0 120.0 -0.3734440207481384 
64.0 140.0 0.013837993144989014 
64.0 160.0 -0.015816017985343933 
64.0 180.0 0.004979982972145081 
64.0 200.0 -0.15596100687980652 
64.0 220.0 0.10119397938251495 
64.0 240.0 -0.12932100892066956 
64.0 260.0 -0.8865790069103241 
64.0 280.0 -0.6689420193433762 
64.0 300.0 -0.13425400853157043 
64.0 320.0 0.024464979767799377 
64.0 340.0 -0.6357270181179047 
68.0 0.0 0.40256498754024506 
68.0 20.0 0.22270698845386505 
68.0 40.0 -0.30810101330280304 
68.0 60.0 -0.4383530169725418 
68.0 80.0 0.6208229809999466 
68.0 100.0 -0.575188010931015 
68.0 120.0 -0.2339230179786682 
68.0 140.0 0.3427629917860031 
68.0 160.0 0.20409898459911346 
68.0 180.0 -0.1664780080318451 
68.0 200.0 -0.12234601378440857 
68.0 220.0 0.02583998441696167 
68.0 240.0 -0.5027740150690079 
68.0 260.0 -0.7036350071430206 
68.0 280.0 -0.40883101522922516 
68.0 300.0 0.39041998982429504 
68.0 320.0 -0.10711202025413513 
68.0 340.0 -0.8236450105905533 
72.0 0.0 0.16343899071216583 
72.0 20.0 0.31871598958969116 
72.0 40.0 -0.022273018956184387 
72.0 60.0 -0.6212360113859177 
72.0 80.0 0.10025198757648468 
72.0 100.0 -0.3284190148115158 
72.0 120.0 -0.42160801589488983 
72.0 140.0 0.040780991315841675 
72.0 160.0 0.21666298806667328 
72.0 180.0 -0.02195201814174652 
72.0 200.0 -0.001779019832611084 
72.0 220.0 0.14583098888397217 
72.0 240.0 -0.5105170160531998 
72.0 260.0 -0.5592670142650604 
72.0 280.0 -0.13762301206588745 
72.0 300.0 0.07949198782444 
72.0 320.0 -0.4847720116376877 
72.0 340.0 -0.7340650111436844 
76.0 0.0 0.03096698224544525 
76.0 20.0 0.1512479931116104 
76.0 40.0 -0.21300101280212402 
76.0 60.0 -0.6050940155982971 
76.0 80.0 -0.41377800703048706 
76.0 100.0 -0.105973020195961 
76.0 120.0 -0.4137190133333206 
76.0 140.0 -0.22288401424884796 
76.0 160.0 -0.2168790102005005 
76.0 180.0 -0.13267400860786438 
76.0 200.0 0.010318979620933533 
76.0 220.0 -0.07435601949691772 
76.0 240.0 -0.38767801225185394 
76.0 260.0 -0.6940690129995346 
76.0 280.0 -0.43647001683712006 
76.0 300.0 -0.45566602051258087 
76.0 320.0 -0.509987011551857 
76.0 340.0 -1.0760710090398788 
80.0 0.0 -0.24853500723838806 
80.0 20.0 -0.03568601608276367 
80.0 40.0 -0.2530530095100403 
80.0 60.0 -0.5488550066947937 
80.0 80.0 -0.49639201164245605 
80.0 100.0 -0.07498501241207123 
80.0 120.0 -0.14206701517105103 
80.0 140.0 -0.2555360198020935 
80.0 160.0 -0.05766502022743225 
80.0 180.0 -0.0227850079536438 
80.0 200.0 -0.11556701362133026 
80.0 220.0 -0.17988801002502441 
80.0 240.0 -0.55001200735569 
80.0 260.0 -0.6651730090379715 
80.0 280.0 -0.2498530149459839 
80.0 300.0 -0.7299820184707642 
80.0 320.0 -0.26660701632499695 
80.0 340.0 -0.6087190061807632 
84.0 0.0 -0.11653701961040497 
84.0 20.0 0.03863199055194855 
84.0 40.0 -0.3574630171060562 
84.0 60.0 -0.45616501569747925 
84.0 80.0 -0.24148601293563843 
84.0 100.0 -0.028944015502929688 
84.0 120.0 0.07952998578548431 
84.0 140.0 -0.3830690085887909 
84.0 160.0 -0.16653300821781158 
84.0 180.0 -0.19088701903820038 
84.0 200.0 -0.0925380140542984 
84.0 220.0 -0.16931600868701935 
84.0 240.0 -0.5070440173149109 
84.0 260.0 -0.7137660086154938 
84.0 280.0 0.09466798603534698 
84.0 300.0 -0.5584530085325241 
84.0 320.0 -0.3619910180568695 
84.0 340.0 -0.584288015961647 
88.0 0.0 -0.017655014991760254 
88.0 20.0 0.2975419908761978 
88.0 40.0 -0.16003401577472687 
88.0 60.0 -0.44257400929927826 
88.0 80.0 -0.22399301826953888 
88.0 100.0 0.005876988172531128 
88.0 120.0 -0.15231701731681824 
88.0 140.0 -0.30661001801490784 
88.0 160.0 -0.2584240138530731 
88.0 180.0 -0.05859801173210144 
88.0 200.0 -0.10105001926422119 
88.0 220.0 -0.25674301385879517 
88.0 240.0 -0.49309802055358887 
88.0 260.0 -0.3482910096645355 
88.0 280.0 0.09838399291038513 
88.0 300.0 -0.25407400727272034 
88.0 320.0 -0.1514970064163208 
88.0 340.0 -0.4381580203771591 
92.0 0.0 0.05897998809814453 
92.0 20.0 0.022753983736038208 
92.0 40.0 -0.1967170089483261 
92.0 60.0 -0.4289880096912384 
92.0 80.0 -0.3308960199356079 
92.0 100.0 0.14598898589611053 
92.0 120.0 -0.3057120144367218 
92.0 140.0 -0.13702000677585602 
92.0 160.0 -0.3935750126838684 
92.0 180.0 -0.07676301896572113 
92.0 200.0 0.059110984206199646 
92.0 220.0 -0.2646520137786865 
92.0 240.0 -0.4622020125389099 
92.0 260.0 -0.29375001788139343 
92.0 280.0 0.0038219839334487915 
92.0 300.0 -0.1521580070257187 
92.0 320.0 -0.3517010062932968 
92.0 340.0 -0.17151901125907898 
96.0 0.0 -0.175665020942688 
96.0 20.0 -0.08363001048564911 
96.0 40.0 -0.15858902037143707 
96.0 60.0 -0.5290600061416626 
96.0 80.0 -0.6430480182170868 
96.0 100.0 0.08667798340320587 
96.0 120.0 -0.529421016573906 
96.0 140.0 -0.3259130120277405 
96.0 160.0 -0.5549120157957077 
96.0 180.0 -0.12432101368904114 
96.0 200.0 -0.11046001315116882 
96.0 220.0 -0.39246101677417755 
96.0 240.0 -0.5017770081758499 
96.0 260.0 -0.22394101321697235 
96.0 280.0 -0.13865801692008972 
96.0 300.0 0.05580899119377136 
96.0 320.0 -0.3805990070104599 
96.0 340.0 -0.12139901518821716 
100.0 0.0 -0.04409700632095337 
100.0 20.0 -0.10816401243209839 
100.0 40.0 -0.20009900629520416 
100.0 60.0 -0.5361780077219009 
100.0 80.0 -0.5967860072851181 
100.0 100.0 -0.210627019405365 
100.0 120.0 -0.7183490097522736 
100.0 140.0 -0.2548210173845291 
100.0 160.0 -0.5873410105705261 
100.0 180.0 -0.2790460139513016 
100.0 200.0 -0.12251101434230804 
100.0 220.0 -0.325190007686615 
100.0 240.0 -0.6015500128269196 
100.0 260.0 -0.46278901398181915 
100.0 280.0 -0.14612901210784912 
100.0 300.0 -0.24392801523208618 
100.0 320.0 -0.28022301197052 
100.0 340.0 -0.06522901356220245 
104.0 0.0 -0.09821900725364685 
104.0 20.0 0.05498798191547394 
104.0 40.0 -0.08420301973819733 
104.0 60.0 -0.32989200949668884 
104.0 80.0 -0.6760250180959702 
104.0 100.0 -0.3937300145626068 
104.0 120.0 -0.44985000789165497 
104.0 140.0 -0.5002500116825104 
104.0 160.0 -1.1101150065660477 
104.0 180.0 0.006367981433868408 
104.0 200.0 0.06887398660182953 
104.0 220.0 -0.33438101410865784 
104.0 240.0 -0.692313015460968 
104.0 260.0 -0.4252590090036392 
104.0 280.0 -0.1555110067129135 
104.0 300.0 -0.4232710152864456 
104.0 320.0 -0.21091900765895844 
104.0 340.0 -0.18743501603603363 
108.0 0.0 0.07558698952198029 
108.0 20.0 0.06355598568916321 
108.0 40.0 0.14619898796081543 
108.0 60.0 -0.5492340177297592 
108.0 80.0 -0.5687320083379745 
108.0 100.0 -0.12899401783943176 
108.0 120.0 0.10042998194694519 
108.0 140.0 -0.4505600184202194 
108.0 160.0 -0.7088940143585205 
108.0 180.0 0.08874799311161041 
108.0 200.0 0.30191098153591156 
108.0 220.0 -0.095536008477211 
108.0 240.0 -0.7272210121154785 
108.0 260.0 0.033861979842185974 
108.0 280.0 -0.3537140190601349 
108.0 300.0 -0.4648730158805847 
108.0 320.0 0.04208698868751526 
108.0 340.0 0.2543639838695526 
112.0 0.0 -0.11644300818443298 
112.0 20.0 -0.04955501854419708 
112.0 40.0 0.046874985098838806 
112.0 60.0 -0.522472009062767 
112.0 80.0 -0.6596900075674057 
112.0 100.0 -0.4652310162782669 
112.0 120.0 0.39103198051452637 
112.0 140.0 -0.16411800682544708 
112.0 160.0 -0.8425140082836151 
112.0 180.0 0.3790159821510315 
112.0 200.0 0.19765198230743408 
112.0 220.0 -0.3269130140542984 
112.0 240.0 -0.513356015086174 
112.0 260.0 0.5331299901008606 
112.0 280.0 -0.6368820071220398 
112.0 300.0 -0.25459201633930206 
112.0 320.0 0.24122197926044464 
112.0 340.0 0.24821598827838898 
116.0 0.0 0.07940898835659027 
116.0 20.0 -0.07251901924610138 
116.0 40.0 0.14887697994709015 
116.0 60.0 -0.10272800922393799 
116.0 80.0 -0.8982420116662979 
116.0 100.0 -0.7403280138969421 
116.0 120.0 -0.12798801064491272 
116.0 140.0 0.06928198039531708 
116.0 160.0 -0.7110460102558136 
116.0 180.0 -0.21482402086257935 
116.0 200.0 0.15467198193073273 
116.0 220.0 -0.6905440092086792 
116.0 240.0 -0.22797201573848724 
116.0 260.0 0.4188299924135208 
116.0 280.0 -0.6029000133275986 
116.0 300.0 -0.419279009103775 
116.0 320.0 0.04151599109172821 
116.0 340.0 0.026446983218193054 
120.0 0.0 0.2720629870891571 
120.0 20.0 -0.24625501036643982 
120.0 40.0 0.07239198684692383 
120.0 60.0 0.15773898363113403 
120.0 80.0 -0.5399700105190277 
120.0 100.0 -0.5732430070638657 
120.0 120.0 0.048609986901283264 
120.0 140.0 -0.0026580095291137695 
120.0 160.0 -0.6943300068378448 
120.0 180.0 -0.14268600940704346 
120.0 200.0 0.10888299345970154 
120.0 220.0 -0.5825360119342804 
120.0 240.0 -0.30528101325035095 
120.0 260.0 0.3759559839963913 
120.0 280.0 -0.4791580140590668 
120.0 300.0 -0.26334601640701294 
120.0 320.0 -0.17473401129245758 
120.0 340.0 0.6110789924860001 
124.0 0.0 0.06392498314380646 
124.0 20.0 -0.18343301117420197 
124.0 40.0 0.09309898316860199 
124.0 60.0 0.019913986325263977 
124.0 80.0 -0.1788800209760666 
124.0 100.0 -0.34380801022052765 
124.0 120.0 0.07691597938537598 
124.0 140.0 -0.05075901746749878 
124.0 160.0 -0.5910610109567642 
124.0 180.0 -0.4270840138196945 
124.0 200.0 -0.15832901000976562 
124.0 220.0 -0.5535020083189011 
124.0 240.0 -0.5580060184001923 
124.0 260.0 0.324553981423378 
124.0 280.0 -0.14806000888347626 
124.0 300.0 -0.36578701436519623 
124.0 320.0 0.10117599368095398 
124.0 340.0 0.5280459821224213 
128.0 0.0 0.42052899301052094 
128.0 20.0 -0.041477009654045105 
128.0 40.0 0.359842985868454 
128.0 60.0 -0.09837500751018524 
128.0 80.0 -0.05479501187801361 
128.0 100.0 -0.07429701089859009 
128.0 120.0 -0.1117590069770813 
128.0 140.0 -0.4483810067176819 
128.0 160.0 -0.7150480151176453 
128.0 180.0 -0.07390300929546356 
128.0 200.0 -0.16202400624752045 
128.0 220.0 -0.32144100964069366 
128.0 240.0 -0.2860240191221237 
128.0 260.0 0.35130198299884796 
128.0 280.0 -0.10613201558589935 
128.0 300.0 -0.3152090162038803 
128.0 320.0 -0.198714017868042 
128.0 340.0 0.3801429867744446 
132.0 0.0 0.5473489910364151 
132.0 20.0 -0.09312501549720764 
132.0 40.0 0.22418197989463806 
132.0 60.0 -0.11337201297283173 
132.0 80.0 0.24805699288845062 
132.0 100.0 -0.012522011995315552 
132.0 120.0 -0.12664900720119476 
132.0 140.0 -0.2315940111875534 
132.0 160.0 -0.25829000771045685 
132.0 180.0 0.42522598803043365 
132.0 200.0 -0.25228701531887054 
132.0 220.0 -0.02895800769329071 
132.0 240.0 -0.3259810209274292 
132.0 260.0 -0.14122001826763153 
132.0 280.0 -0.33774201571941376 
132.0 300.0 -0.4979710131883621 
132.0 320.0 -0.6626960188150406 
132.0 340.0 0.16338998079299927 
136.0 0.0 0.5343849807977676 
136.0 20.0 -0.07011201977729797 
136.0 40.0 0.1276649832725525 
136.0 60.0 0.13853298127651215 
136.0 80.0 0.14916498959064484 
136.0 100.0 -0.3141850084066391 
136.0 120.0 -0.41350701451301575 
136.0 140.0 -0.38830500841140747 
136.0 160.0 0.15646898746490479 
136.0 180.0 0.5339239835739136 
136.0 200.0 -0.2492850124835968 
136.0 220.0 0.17106398940086365 
136.0 240.0 0.01099298894405365 
136.0 260.0 0.15085698664188385 
136.0 280.0 -0.23430600762367249 
136.0 300.0 -0.4127170145511627 
136.0 320.0 -0.34123601019382477 
136.0 340.0 0.10719798505306244 
140.0 0.0 0.34220898151397705 
140.0 20.0 -0.1339460164308548 
140.0 40.0 -0.06895001232624054 
140.0 60.0 -0.0969490110874176 
140.0 80.0 0.031847983598709106 
140.0 100.0 -0.20680201053619385 
140.0 120.0 -0.37687601149082184 
140.0 140.0 -0.534712016582489 
140.0 160.0 0.27807798981666565 
140.0 180.0 0.3589339852333069 
140.0 200.0 0.03444698452949524 
140.0 220.0 0.1440649926662445 
140.0 240.0 -0.11384601891040802 
140.0 260.0 0.08100198209285736 
140.0 280.0 0.01495698094367981 
140.0 300.0 -0.19026800990104675 
140.0 320.0 -0.23813802003860474 
140.0 340.0 -0.32331201434135437 
144.0 0.0 -0.08870701491832733 
144.0 20.0 -0.035728007555007935 
144.0 40.0 -0.27235300838947296 
144.0 60.0 -0.386774018406868 
144.0 80.0 0.43071599304676056 
144.0 100.0 -0.039408013224601746 
144.0 120.0 -0.2650980204343796 
144.0 140.0 0.012508988380432129 
144.0 160.0 0.27846498787403107 
144.0 180.0 0.053788989782333374 
144.0 200.0 -0.13708801567554474 
144.0 220.0 0.030022993683815002 
144.0 240.0 -0.2872980087995529 
144.0 260.0 -0.30238601565361023 
144.0 280.0 -0.27944301068782806 
144.0 300.0 -0.09089101850986481 
144.0 320.0 -0.36389000713825226 
144.0 340.0 -0.5971950143575668 
148.0 0.0 -0.2414720207452774 
148.0 20.0 -0.0020370185375213623 
148.0 40.0 -0.5181020200252533 
148.0 60.0 -0.33160801231861115 
148.0 80.0 0.2906799912452698 
148.0 100.0 -0.2936190068721771 
148.0 120.0 -0.24327100813388824 
148.0 140.0 0.008260980248451233 
148.0 160.0 0.601977989077568 
148.0 180.0 0.00275498628616333 
148.0 200.0 -0.2519240081310272 
148.0 220.0 0.01748599112033844 
148.0 240.0 -0.013755008578300476 
148.0 260.0 -0.3192540109157562 
148.0 280.0 -0.6902600079774857 
148.0 300.0 -0.035543009638786316 
148.0 320.0 0.20734798908233643 
148.0 340.0 -0.6133870184421539 
152.0 0.0 -0.15452800691127777 
152.0 20.0 0.3029339909553528 
152.0 40.0 -0.7324300110340118 
152.0 60.0 -0.3558420091867447 
152.0 80.0 0.3245859891176224 
152.0 100.0 -0.6428380161523819 
152.0 120.0 -0.35708101093769073 
152.0 140.0 -0.019372016191482544 
152.0 160.0 0.08125199377536774 
152.0 180.0 0.2720689922571182 
152.0 200.0 -0.17903701961040497 
152.0 220.0 -0.2170190066099167 
152.0 240.0 -0.1540220081806183 
152.0 260.0 -0.7096870094537735 
152.0 280.0 -0.5742720067501068 
152.0 300.0 -0.08360101282596588 
152.0 320.0 0.09232698380947113 
152.0 340.0 -0.43740101158618927 
156.0 0.0 0.1470869928598404 
156.0 20.0 0.15869398415088654 
156.0 40.0 -0.3896080106496811 
156.0 60.0 -0.2543470114469528 
156.0 80.0 0.6229759901762009 
156.0 100.0 -0.6906970143318176 
156.0 120.0 -0.5020960122346878 
156.0 140.0 -0.05593901872634888 
156.0 160.0 0.06902298331260681 
156.0 180.0 -0.0667940080165863 
156.0 200.0 -0.22907201945781708 
156.0 220.0 -0.06451301276683807 
156.0 240.0 -0.32561101019382477 
156.0 260.0 -0.8156310170888901 
156.0 280.0 -0.6574010103940964 
156.0 300.0 0.19709298014640808 
156.0 320.0 0.048529982566833496 
156.0 340.0 -0.617001011967659 
160.0 0.0 0.18960998952388763 
160.0 20.0 0.3368319869041443 
160.0 40.0 -0.23586301505565643 
160.0 60.0 -0.5801650136709213 
160.0 80.0 0.29835498332977295 
160.0 100.0 -0.5382160097360611 
160.0 120.0 -0.24198701977729797 
160.0 140.0 0.1281999796628952 
160.0 160.0 0.27106598019599915 
160.0 180.0 -0.12190301716327667 
160.0 200.0 -0.11540201306343079 
160.0 220.0 0.1970439851284027 
160.0 240.0 -0.5147400200366974 
160.0 260.0 -0.584180012345314 
160.0 280.0 -0.2995860129594803 
160.0 300.0 0.2148839831352234 
160.0 320.0 -0.1370450109243393 
160.0 340.0 -0.9836450070142746 
164.0 0.0 0.10958898067474365 
164.0 20.0 0.37925998866558075 
164.0 40.0 -0.10224100947380066 
164.0 60.0 -0.5220740139484406 
164.0 80.0 -0.32407301664352417 
164.0 100.0 -0.21921201050281525 
164.0 120.0 -0.45603300631046295 
164.0 140.0 -0.11921600997447968 
164.0 160.0 0.03027099370956421 
164.0 180.0 -0.053128018975257874 
164.0 200.0 -0.12349601089954376 
164.0 220.0 0.06760098040103912 
164.0 240.0 -0.5248390138149261 
164.0 260.0 -0.727168008685112 
164.0 280.0 -0.2480580061674118 
164.0 300.0 -0.26866501569747925 
164.0 320.0 -0.6143520176410675 
164.0 340.0 -0.8486900180578232 
168.0 0.0 -0.17528501152992249 
168.0 20.0 -0.05135101079940796 
168.0 40.0 -0.3234480172395706 
168.0 60.0 -0.6516640186309814 
168.0 80.0 -0.3040910065174103 
168.0 100.0 -0.07569201290607452 
168.0 120.0 -0.4019250124692917 
168.0 140.0 -0.17847001552581787 
168.0 160.0 -0.13366201519966125 
168.0 180.0 -0.1577950119972229 
168.0 200.0 -0.055196017026901245 
168.0 220.0 -0.20707401633262634 
168.0 240.0 -0.49542000889778137 
168.0 260.0 -0.576854020357132 
168.0 280.0 -0.2658720165491104 
168.0 300.0 -0.4390820115804672 
168.0 320.0 -0.430959016084671 
168.0 340.0 -0.615187019109726 
172.0 0.0 -0.16088901460170746 
172.0 20.0 -0.18845202028751373 
172.0 40.0 -0.45167700946331024 
172.0 60.0 -0.540215015411377 
172.0 80.0 -0.3234200179576874 
172.0 100.0 -0.23478001356124878 
172.0 120.0 -0.010714009404182434 
172.0 140.0 -0.31714601814746857 
172.0 160.0 -0.06581901013851166 
172.0 180.0 -0.29489901661872864 
172.0 200.0 -0.17087700963020325 
172.0 220.0 -0.25289401412010193 
172.0 240.0 -0.43986500799655914 
172.0 260.0 -0.6538030207157135 
172.0 280.0 -0.05810602009296417 
172.0 300.0 -0.49533501267433167 
172.0 320.0 -0.23152701556682587 
172.0 340.0 -0.5372860133647919 
176.0 0.0 -0.21324901282787323 
176.0 20.0 0.056527987122535706 
176.0 40.0 -0.4095360189676285 
176.0 60.0 -0.42167800664901733 
176.0 80.0 -0.2781660109758377 
176.0 100.0 -0.04333601891994476 
176.0 120.0 -0.11547800898551941 
176.0 140.0 -0.41162601113319397 
176.0 160.0 -0.18813800811767578 
176.0 180.0 -0.10515300929546356 
176.0 200.0 -0.15210001170635223 
176.0 220.0 -0.24848401546478271 
176.0 240.0 -0.4402190148830414 
176.0 260.0 -0.47747401893138885 
176.0 280.0 0.1252709925174713 
176.0 300.0 -0.4063260108232498 
176.0 320.0 -0.24116800725460052 
176.0 340.0 -0.7261530160903931 
180.0 0.0 -0.020002007484436035 
