
Parameter file:
Precision   double 
K           1
Nk          9
K_fine      19
thresold    0.5
BSZ         128
restart     200
tolerance   1e-5
max_iter    1000
P           4
eps         1e-12
NCRIT       700
theta       0.5
GPU         1

Protein file: 3ghg_interaction/mesh/3ghg_NanoShaper_d04
Sensor  file: NA
Phi     file: NA


Number of elements  : 1241764 
Number of iterations: max: 73, min: 1, avg: 68 
Coulombic energy    : -349371500.633898 kcal/mol 
Total time          : max: 2385.361390s, min: 618.440354s, avg: 2243.048688s 

                    ||              kcal/mol
  h     | Tilt   |  Rotat  ||    Esolv      |    Esurf     |      Esurf+Esolv 
------------------------------------------------------------------------------ 
  2.00  |  56.00  |  0.00 || -5875.458581  | 0.0    | -5875.458581 
  2.00  |  56.00  |  20.00 || -5876.187254  | 0.0    | -5876.187254 
  2.00  |  56.00  |  40.00 || -5877.751369  | 0.0    | -5877.751369 
  2.00  |  56.00  |  60.00 || -5876.300419  | 0.0    | -5876.300419 
  2.00  |  56.00  |  80.00 || -5877.332355  | 0.0    | -5877.332355 
  2.00  |  56.00  |  100.00 || -5876.641554  | 0.0    | -5876.641554 
  2.00  |  56.00  |  120.00 || -5878.813509  | 0.0    | -5878.813509 
  2.00  |  56.00  |  140.00 || -5876.952727  | 0.0    | -5876.952727 
  2.00  |  56.00  |  160.00 || -5876.929679  | 0.0    | -5876.929679 
  2.00  |  56.00  |  180.00 || -5875.13987  | 0.0    | -5875.13987 
  2.00  |  56.00  |  200.00 || -5876.496832  | 0.0    | -5876.496832 
  2.00  |  56.00  |  220.00 || -5877.927969  | 0.0    | -5877.927969 
  2.00  |  56.00  |  240.00 || -5877.025734  | 0.0    | -5877.025734 
  2.00  |  56.00  |  260.00 || -5876.418293  | 0.0    | -5876.418293 
  2.00  |  56.00  |  280.00 || -5875.227055  | 0.0    | -5875.227055 
  2.00  |  56.00  |  300.00 || -5876.519094  | 0.0    | -5876.519094 
  2.00  |  56.00  |  320.00 || -5876.15631  | 0.0    | -5876.15631 
  2.00  |  56.00  |  340.00 || -5875.554549  | 0.0    | -5875.554549 
  2.00  |  60.00  |  0.00 || -5875.778908  | 0.0    | -5875.778908 
  2.00  |  60.00  |  20.00 || -5876.16997  | 0.0    | -5876.16997 
  2.00  |  60.00  |  40.00 || -5877.174133  | 0.0    | -5877.174133 
  2.00  |  60.00  |  60.00 || -5876.973555  | 0.0    | -5876.973555 
  2.00  |  60.00  |  80.00 || -5877.392398  | 0.0    | -5877.392398 
  2.00  |  60.00  |  100.00 || -5875.822255  | 0.0    | -5875.822255 
  2.00  |  60.00  |  120.00 || -5877.140834  | 0.0    | -5877.140834 
  2.00  |  60.00  |  140.00 || -5877.876335  | 0.0    | -5877.876335 
  2.00  |  60.00  |  160.00 || -5877.958414  | 0.0    | -5877.958414 
  2.00  |  60.00  |  180.00 || -5875.64802  | 0.0    | -5875.64802 
  2.00  |  60.00  |  200.00 || -5876.48434  | 0.0    | -5876.48434 
  2.00  |  60.00  |  220.00 || -5878.927481  | 0.0    | -5878.927481 
  2.00  |  60.00  |  240.00 || -5876.86282  | 0.0    | -5876.86282 
  2.00  |  60.00  |  260.00 || -5876.842479  | 0.0    | -5876.842479 
  2.00  |  60.00  |  280.00 || -5875.120679  | 0.0    | -5875.120679 
  2.00  |  60.00  |  300.00 || -5875.950229  | 0.0    | -5875.950229 
  2.00  |  60.00  |  320.00 || -5877.44147  | 0.0    | -5877.44147 
  2.00  |  60.00  |  340.00 || -5874.865958  | 0.0    | -5874.865958 
  2.00  |  64.00  |  0.00 || -5875.735981  | 0.0    | -5875.735981 
  2.00  |  64.00  |  20.00 || -5875.733623  | 0.0    | -5875.733623 
  2.00  |  64.00  |  40.00 || -5876.36632  | 0.0    | -5876.36632 
  2.00  |  64.00  |  60.00 || -5877.179911  | 0.0    | -5877.179911 
  2.00  |  64.00  |  80.00 || -5877.095185  | 0.0    | -5877.095185 
  2.00  |  64.00  |  100.00 || -5875.592723  | 0.0    | -5875.592723 
  2.00  |  64.00  |  120.00 || -5876.139333  | 0.0    | -5876.139333 
  2.00  |  64.00  |  140.00 || -5878.123285  | 0.0    | -5878.123285 
  2.00  |  64.00  |  160.00 || -5876.97748  | 0.0    | -5876.97748 
  2.00  |  64.00  |  180.00 || -5875.565127  | 0.0    | -5875.565127 
  2.00  |  64.00  |  200.00 || -5876.103125  | 0.0    | -5876.103125 
  2.00  |  64.00  |  220.00 || -5878.179054  | 0.0    | -5878.179054 
  2.00  |  64.00  |  240.00 || -5877.041544  | 0.0    | -5877.041544 
  2.00  |  64.00  |  260.00 || -5876.509131  | 0.0    | -5876.509131 
  2.00  |  64.00  |  280.00 || -5874.681193  | 0.0    | -5874.681193 
  2.00  |  64.00  |  300.00 || -5875.794731  | 0.0    | -5875.794731 
  2.00  |  64.00  |  320.00 || -5876.491849  | 0.0    | -5876.491849 
  2.00  |  64.00  |  340.00 || -5874.890335  | 0.0    | -5874.890335 
