
Parameter file:
Precision   double 
K           1
Nk          9
K_fine      19
thresold    0.5
BSZ         128
restart     200
tolerance   1e-5
max_iter    1000
P           4
eps         1e-12
NCRIT       700
theta       0.5
GPU         1

Protein file: 3ghg_interaction/mesh/3ghg_NanoShaper_d04
Sensor  file: NA
Phi     file: NA


Number of elements  : 1241764 
Number of iterations: max: 71, min: 1, avg: 67 
Coulombic energy    : -349371501.795984 kcal/mol 
Total time          : max: 2295.146369s, min: 607.170878s, avg: 2152.250174s 

                    ||              kcal/mol
  h     | Tilt   |  Rotat  ||    Esolv      |    Esurf     |      Esurf+Esolv 
------------------------------------------------------------------------------ 
  2.00  |  8.00  |  0.00 || -5874.61277  | 0.0    | -5874.61277 
  2.00  |  8.00  |  20.00 || -5874.790395  | 0.0    | -5874.790395 
  2.00  |  8.00  |  40.00 || -5875.1497  | 0.0    | -5875.1497 
  2.00  |  8.00  |  60.00 || -5875.683729  | 0.0    | -5875.683729 
  2.00  |  8.00  |  80.00 || -5875.738115  | 0.0    | -5875.738115 
  2.00  |  8.00  |  100.00 || -5873.976527  | 0.0    | -5873.976527 
  2.00  |  8.00  |  120.00 || -5875.395417  | 0.0    | -5875.395417 
  2.00  |  8.00  |  140.00 || -5873.690588  | 0.0    | -5873.690588 
  2.00  |  8.00  |  160.00 || -5874.649607  | 0.0    | -5874.649607 
  2.00  |  8.00  |  180.00 || -5875.052643  | 0.0    | -5875.052643 
  2.00  |  8.00  |  200.00 || -5875.809486  | 0.0    | -5875.809486 
  2.00  |  8.00  |  220.00 || -5873.239722  | 0.0    | -5873.239722 
  2.00  |  8.00  |  240.00 || -5875.108136  | 0.0    | -5875.108136 
  2.00  |  8.00  |  260.00 || -5875.917281  | 0.0    | -5875.917281 
  2.00  |  8.00  |  280.00 || -5874.636736  | 0.0    | -5874.636736 
  2.00  |  8.00  |  300.00 || -5875.834941  | 0.0    | -5875.834941 
  2.00  |  8.00  |  320.00 || -5875.979465  | 0.0    | -5875.979465 
  2.00  |  8.00  |  340.00 || -5876.570342  | 0.0    | -5876.570342 
  2.00  |  12.00  |  0.00 || -5874.602943  | 0.0    | -5874.602943 
  2.00  |  12.00  |  20.00 || -5874.47577  | 0.0    | -5874.47577 
  2.00  |  12.00  |  40.00 || -5876.105531  | 0.0    | -5876.105531 
  2.00  |  12.00  |  60.00 || -5876.404927  | 0.0    | -5876.404927 
  2.00  |  12.00  |  80.00 || -5875.712493  | 0.0    | -5875.712493 
  2.00  |  12.00  |  100.00 || -5874.540912  | 0.0    | -5874.540912 
  2.00  |  12.00  |  120.00 || -5875.253664  | 0.0    | -5875.253664 
  2.00  |  12.00  |  140.00 || -5874.536463  | 0.0    | -5874.536463 
  2.00  |  12.00  |  160.00 || -5874.962834  | 0.0    | -5874.962834 
  2.00  |  12.00  |  180.00 || -5874.788681  | 0.0    | -5874.788681 
  2.00  |  12.00  |  200.00 || -5875.447337  | 0.0    | -5875.447337 
  2.00  |  12.00  |  220.00 || -5874.846493  | 0.0    | -5874.846493 
  2.00  |  12.00  |  240.00 || -5875.208219  | 0.0    | -5875.208219 
  2.00  |  12.00  |  260.00 || -5876.244942  | 0.0    | -5876.244942 
  2.00  |  12.00  |  280.00 || -5874.826149  | 0.0    | -5874.826149 
  2.00  |  12.00  |  300.00 || -5875.67797  | 0.0    | -5875.67797 
  2.00  |  12.00  |  320.00 || -5876.266976  | 0.0    | -5876.266976 
  2.00  |  12.00  |  340.00 || -5876.050913  | 0.0    | -5876.050913 
  2.00  |  16.00  |  0.00 || -5875.020125  | 0.0    | -5875.020125 
  2.00  |  16.00  |  20.00 || -5874.770484  | 0.0    | -5874.770484 
  2.00  |  16.00  |  40.00 || -5876.625421  | 0.0    | -5876.625421 
  2.00  |  16.00  |  60.00 || -5876.547643  | 0.0    | -5876.547643 
  2.00  |  16.00  |  80.00 || -5875.470591  | 0.0    | -5875.470591 
  2.00  |  16.00  |  100.00 || -5874.693045  | 0.0    | -5874.693045 
  2.00  |  16.00  |  120.00 || -5874.976838  | 0.0    | -5874.976838 
  2.00  |  16.00  |  140.00 || -5875.659326  | 0.0    | -5875.659326 
  2.00  |  16.00  |  160.00 || -5875.267691  | 0.0    | -5875.267691 
  2.00  |  16.00  |  180.00 || -5875.438913  | 0.0    | -5875.438913 
  2.00  |  16.00  |  200.00 || -5875.495646  | 0.0    | -5875.495646 
  2.00  |  16.00  |  220.00 || -5875.630283  | 0.0    | -5875.630283 
  2.00  |  16.00  |  240.00 || -5875.991611  | 0.0    | -5875.991611 
  2.00  |  16.00  |  260.00 || -5876.238471  | 0.0    | -5876.238471 
  2.00  |  16.00  |  280.00 || -5875.013661  | 0.0    | -5875.013661 
  2.00  |  16.00  |  300.00 || -5876.334266  | 0.0    | -5876.334266 
  2.00  |  16.00  |  320.00 || -5876.968346  | 0.0    | -5876.968346 
  2.00  |  16.00  |  340.00 || -5875.941607  | 0.0    | -5875.941607 
