
Parameter file:
Precision   double 
K           1
Nk          9
K_fine      19
thresold    0.5
BSZ         128
restart     200
tolerance   1e-5
max_iter    1000
P           4
eps         1e-12
NCRIT       700
theta       0.5
GPU         1

Protein file: 3ghg_interaction/mesh/3ghg_NanoShaper_d04
Sensor  file: NA
Phi     file: NA


Number of elements  : 1241764 
Number of iterations: max: 72, min: 1, avg: 68 
Coulombic energy    : -349371501.303024 kcal/mol 
Total time          : max: 2417.389846s, min: 619.255063s, avg: 2249.248813s 

                    ||              kcal/mol
  h     | Tilt   |  Rotat  ||    Esolv      |    Esurf     |      Esurf+Esolv 
------------------------------------------------------------------------------ 
  2.00  |  116.00  |  0.00 || -5875.573038  | 0.0    | -5875.573038 
  2.00  |  116.00  |  20.00 || -5876.215154  | 0.0    | -5876.215154 
  2.00  |  116.00  |  40.00 || -5878.324434  | 0.0    | -5878.324434 
  2.00  |  116.00  |  60.00 || -5877.043395  | 0.0    | -5877.043395 
  2.00  |  116.00  |  80.00 || -5876.520017  | 0.0    | -5876.520017 
  2.00  |  116.00  |  100.00 || -5874.564684  | 0.0    | -5874.564684 
  2.00  |  116.00  |  120.00 || -5875.859015  | 0.0    | -5875.859015 
  2.00  |  116.00  |  140.00 || -5876.427019  | 0.0    | -5876.427019 
  2.00  |  116.00  |  160.00 || -5874.854977  | 0.0    | -5874.854977 
  2.00  |  116.00  |  180.00 || -5875.739746  | 0.0    | -5875.739746 
  2.00  |  116.00  |  200.00 || -5875.753971  | 0.0    | -5875.753971 
  2.00  |  116.00  |  220.00 || -5876.406471  | 0.0    | -5876.406471 
  2.00  |  116.00  |  240.00 || -5877.164283  | 0.0    | -5877.164283 
  2.00  |  116.00  |  260.00 || -5877.132945  | 0.0    | -5877.132945 
  2.00  |  116.00  |  280.00 || -5875.602188  | 0.0    | -5875.602188 
  2.00  |  116.00  |  300.00 || -5876.215729  | 0.0    | -5876.215729 
  2.00  |  116.00  |  320.00 || -5878.116687  | 0.0    | -5878.116687 
  2.00  |  116.00  |  340.00 || -5876.991474  | 0.0    | -5876.991474 
  2.00  |  120.00  |  0.00 || -5875.735406  | 0.0    | -5875.735406 
  2.00  |  120.00  |  20.00 || -5876.470451  | 0.0    | -5876.470451 
  2.00  |  120.00  |  40.00 || -5879.013696  | 0.0    | -5879.013696 
  2.00  |  120.00  |  60.00 || -5876.824684  | 0.0    | -5876.824684 
  2.00  |  120.00  |  80.00 || -5876.774084  | 0.0    | -5876.774084 
  2.00  |  120.00  |  100.00 || -5875.132679  | 0.0    | -5875.132679 
  2.00  |  120.00  |  120.00 || -5876.003618  | 0.0    | -5876.003618 
  2.00  |  120.00  |  140.00 || -5877.399205  | 0.0    | -5877.399205 
  2.00  |  120.00  |  160.00 || -5874.81637  | 0.0    | -5874.81637 
  2.00  |  120.00  |  180.00 || -5875.745657  | 0.0    | -5875.745657 
  2.00  |  120.00  |  200.00 || -5876.134881  | 0.0    | -5876.134881 
  2.00  |  120.00  |  220.00 || -5877.149568  | 0.0    | -5877.149568 
  2.00  |  120.00  |  240.00 || -5876.953583  | 0.0    | -5876.953583 
  2.00  |  120.00  |  260.00 || -5877.377305  | 0.0    | -5877.377305 
  2.00  |  120.00  |  280.00 || -5875.854115  | 0.0    | -5875.854115 
  2.00  |  120.00  |  300.00 || -5877.17569  | 0.0    | -5877.17569 
  2.00  |  120.00  |  320.00 || -5877.881797  | 0.0    | -5877.881797 
  2.00  |  120.00  |  340.00 || -5877.972815  | 0.0    | -5877.972815 
  2.00  |  124.00  |  0.00 || -5875.156845  | 0.0    | -5875.156845 
  2.00  |  124.00  |  20.00 || -5876.515651  | 0.0    | -5876.515651 
  2.00  |  124.00  |  40.00 || -5877.949378  | 0.0    | -5877.949378 
  2.00  |  124.00  |  60.00 || -5876.995022  | 0.0    | -5876.995022 
  2.00  |  124.00  |  80.00 || -5876.518773  | 0.0    | -5876.518773 
  2.00  |  124.00  |  100.00 || -5875.346326  | 0.0    | -5875.346326 
  2.00  |  124.00  |  120.00 || -5876.624664  | 0.0    | -5876.624664 
  2.00  |  124.00  |  140.00 || -5876.123995  | 0.0    | -5876.123995 
  2.00  |  124.00  |  160.00 || -5875.522126  | 0.0    | -5875.522126 
  2.00  |  124.00  |  180.00 || -5875.398539  | 0.0    | -5875.398539 
  2.00  |  124.00  |  200.00 || -5876.217868  | 0.0    | -5876.217868 
  2.00  |  124.00  |  220.00 || -5877.796046  | 0.0    | -5877.796046 
  2.00  |  124.00  |  240.00 || -5876.30407  | 0.0    | -5876.30407 
  2.00  |  124.00  |  260.00 || -5877.326751  | 0.0    | -5877.326751 
  2.00  |  124.00  |  280.00 || -5876.652137  | 0.0    | -5876.652137 
  2.00  |  124.00  |  300.00 || -5878.674148  | 0.0    | -5878.674148 
  2.00  |  124.00  |  320.00 || -5876.981669  | 0.0    | -5876.981669 
  2.00  |  124.00  |  340.00 || -5876.895403  | 0.0    | -5876.895403 
