
Parameter file:
Precision   double 
K           1
Nk          9
K_fine      19
thresold    0.5
BSZ         128
restart     200
tolerance   1e-5
max_iter    1000
P           4
eps         1e-12
NCRIT       700
theta       0.5
GPU         1

Protein file: 3ghg_interaction/mesh/3ghg_NanoShaper_d04
Sensor  file: NA
Phi     file: NA


Number of elements  : 1241764 
Number of iterations: max: 73, min: 1, avg: 68 
Coulombic energy    : -349371500.824085 kcal/mol 
Total time          : max: 2336.037964s, min: 604.015157s, avg: 2194.863425s 

                    ||              kcal/mol
  h     | Tilt   |  Rotat  ||    Esolv      |    Esurf     |      Esurf+Esolv 
------------------------------------------------------------------------------ 
  2.00  |  32.00  |  0.00 || -5875.65707  | 0.0    | -5875.65707 
  2.00  |  32.00  |  20.00 || -5876.190654  | 0.0    | -5876.190654 
  2.00  |  32.00  |  40.00 || -5879.315843  | 0.0    | -5879.315843 
  2.00  |  32.00  |  60.00 || -5876.90201  | 0.0    | -5876.90201 
  2.00  |  32.00  |  80.00 || -5876.430078  | 0.0    | -5876.430078 
  2.00  |  32.00  |  100.00 || -5874.876704  | 0.0    | -5874.876704 
  2.00  |  32.00  |  120.00 || -5876.21024  | 0.0    | -5876.21024 
  2.00  |  32.00  |  140.00 || -5877.321558  | 0.0    | -5877.321558 
  2.00  |  32.00  |  160.00 || -5874.702461  | 0.0    | -5874.702461 
  2.00  |  32.00  |  180.00 || -5875.739453  | 0.0    | -5875.739453 
  2.00  |  32.00  |  200.00 || -5875.943699  | 0.0    | -5875.943699 
  2.00  |  32.00  |  220.00 || -5877.761156  | 0.0    | -5877.761156 
  2.00  |  32.00  |  240.00 || -5876.58439  | 0.0    | -5876.58439 
  2.00  |  32.00  |  260.00 || -5877.440168  | 0.0    | -5877.440168 
  2.00  |  32.00  |  280.00 || -5876.120804  | 0.0    | -5876.120804 
  2.00  |  32.00  |  300.00 || -5877.963285  | 0.0    | -5877.963285 
  2.00  |  32.00  |  320.00 || -5877.056077  | 0.0    | -5877.056077 
  2.00  |  32.00  |  340.00 || -5877.444575  | 0.0    | -5877.444575 
  2.00  |  36.00  |  0.00 || -5876.14842  | 0.0    | -5876.14842 
  2.00  |  36.00  |  20.00 || -5876.559425  | 0.0    | -5876.559425 
  2.00  |  36.00  |  40.00 || -5877.841075  | 0.0    | -5877.841075 
  2.00  |  36.00  |  60.00 || -5877.794106  | 0.0    | -5877.794106 
  2.00  |  36.00  |  80.00 || -5875.6729  | 0.0    | -5875.6729 
  2.00  |  36.00  |  100.00 || -5875.455436  | 0.0    | -5875.455436 
  2.00  |  36.00  |  120.00 || -5877.269813  | 0.0    | -5877.269813 
  2.00  |  36.00  |  140.00 || -5876.464355  | 0.0    | -5876.464355 
  2.00  |  36.00  |  160.00 || -5876.738609  | 0.0    | -5876.738609 
  2.00  |  36.00  |  180.00 || -5875.539877  | 0.0    | -5875.539877 
  2.00  |  36.00  |  200.00 || -5876.317843  | 0.0    | -5876.317843 
  2.00  |  36.00  |  220.00 || -5878.169724  | 0.0    | -5878.169724 
  2.00  |  36.00  |  240.00 || -5876.912657  | 0.0    | -5876.912657 
  2.00  |  36.00  |  260.00 || -5877.378647  | 0.0    | -5877.378647 
  2.00  |  36.00  |  280.00 || -5877.056917  | 0.0    | -5877.056917 
  2.00  |  36.00  |  300.00 || -5879.038406  | 0.0    | -5879.038406 
  2.00  |  36.00  |  320.00 || -5876.548994  | 0.0    | -5876.548994 
  2.00  |  36.00  |  340.00 || -5875.960008  | 0.0    | -5875.960008 
  2.00  |  40.00  |  0.00 || -5875.753318  | 0.0    | -5875.753318 
  2.00  |  40.00  |  20.00 || -5877.412468  | 0.0    | -5877.412468 
  2.00  |  40.00  |  40.00 || -5878.109205  | 0.0    | -5878.109205 
  2.00  |  40.00  |  60.00 || -5877.499278  | 0.0    | -5877.499278 
  2.00  |  40.00  |  80.00 || -5875.894271  | 0.0    | -5875.894271 
  2.00  |  40.00  |  100.00 || -5875.973009  | 0.0    | -5875.973009 
  2.00  |  40.00  |  120.00 || -5877.149843  | 0.0    | -5877.149843 
  2.00  |  40.00  |  140.00 || -5876.038883  | 0.0    | -5876.038883 
  2.00  |  40.00  |  160.00 || -5876.103246  | 0.0    | -5876.103246 
  2.00  |  40.00  |  180.00 || -5876.246973  | 0.0    | -5876.246973 
  2.00  |  40.00  |  200.00 || -5877.184706  | 0.0    | -5877.184706 
  2.00  |  40.00  |  220.00 || -5877.36954  | 0.0    | -5877.36954 
  2.00  |  40.00  |  240.00 || -5877.361823  | 0.0    | -5877.361823 
  2.00  |  40.00  |  260.00 || -5877.396496  | 0.0    | -5877.396496 
  2.00  |  40.00  |  280.00 || -5876.953724  | 0.0    | -5876.953724 
  2.00  |  40.00  |  300.00 || -5879.106979  | 0.0    | -5879.106979 
  2.00  |  40.00  |  320.00 || -5876.534699  | 0.0    | -5876.534699 
  2.00  |  40.00  |  340.00 || -5876.118336  | 0.0    | -5876.118336 
