
Parameter file:
Precision   double 
K           1
Nk          9
K_fine      19
thresold    0.5
BSZ         128
restart     200
tolerance   1e-5
max_iter    1000
P           4
eps         1e-12
NCRIT       700
theta       0.5
GPU         1

Protein file: 3ghg_interaction/mesh/3ghg_NanoShaper_d04
Sensor  file: NA
Phi     file: NA


Number of elements  : 1241764 
Number of iterations: max: 71, min: 1, avg: 67 
Coulombic energy    : -349371501.237108 kcal/mol 
Total time          : max: 2422.558010s, min: 617.547217s, avg: 2229.514520s 

                    ||              kcal/mol
  h     | Tilt   |  Rotat  ||    Esolv      |    Esurf     |      Esurf+Esolv 
------------------------------------------------------------------------------ 
  2.00  |  104.00  |  0.00 || -5874.705163  | 0.0    | -5874.705163 
  2.00  |  104.00  |  20.00 || -5874.133526  | 0.0    | -5874.133526 
  2.00  |  104.00  |  40.00 || -5876.728984  | 0.0    | -5876.728984 
  2.00  |  104.00  |  60.00 || -5876.638385  | 0.0    | -5876.638385 
  2.00  |  104.00  |  80.00 || -5875.57037  | 0.0    | -5875.57037 
  2.00  |  104.00  |  100.00 || -5874.646596  | 0.0    | -5874.646596 
  2.00  |  104.00  |  120.00 || -5874.795452  | 0.0    | -5874.795452 
  2.00  |  104.00  |  140.00 || -5875.658446  | 0.0    | -5875.658446 
  2.00  |  104.00  |  160.00 || -5875.230463  | 0.0    | -5875.230463 
  2.00  |  104.00  |  180.00 || -5875.403307  | 0.0    | -5875.403307 
  2.00  |  104.00  |  200.00 || -5874.938739  | 0.0    | -5874.938739 
  2.00  |  104.00  |  220.00 || -5875.278467  | 0.0    | -5875.278467 
  2.00  |  104.00  |  240.00 || -5876.006532  | 0.0    | -5876.006532 
  2.00  |  104.00  |  260.00 || -5876.562412  | 0.0    | -5876.562412 
  2.00  |  104.00  |  280.00 || -5874.775004  | 0.0    | -5874.775004 
  2.00  |  104.00  |  300.00 || -5876.024206  | 0.0    | -5876.024206 
  2.00  |  104.00  |  320.00 || -5876.580582  | 0.0    | -5876.580582 
  2.00  |  104.00  |  340.00 || -5876.388791  | 0.0    | -5876.388791 
  2.00  |  108.00  |  0.00 || -5874.90367  | 0.0    | -5874.90367 
  2.00  |  108.00  |  20.00 || -5875.100011  | 0.0    | -5875.100011 
  2.00  |  108.00  |  40.00 || -5877.285939  | 0.0    | -5877.285939 
  2.00  |  108.00  |  60.00 || -5876.894891  | 0.0    | -5876.894891 
  2.00  |  108.00  |  80.00 || -5875.877693  | 0.0    | -5875.877693 
  2.00  |  108.00  |  100.00 || -5874.459879  | 0.0    | -5874.459879 
  2.00  |  108.00  |  120.00 || -5874.944928  | 0.0    | -5874.944928 
  2.00  |  108.00  |  140.00 || -5875.323701  | 0.0    | -5875.323701 
  2.00  |  108.00  |  160.00 || -5875.154189  | 0.0    | -5875.154189 
  2.00  |  108.00  |  180.00 || -5875.07064  | 0.0    | -5875.07064 
  2.00  |  108.00  |  200.00 || -5875.202898  | 0.0    | -5875.202898 
  2.00  |  108.00  |  220.00 || -5875.887384  | 0.0    | -5875.887384 
  2.00  |  108.00  |  240.00 || -5876.68568  | 0.0    | -5876.68568 
  2.00  |  108.00  |  260.00 || -5876.569121  | 0.0    | -5876.569121 
  2.00  |  108.00  |  280.00 || -5875.279666  | 0.0    | -5875.279666 
  2.00  |  108.00  |  300.00 || -5876.302387  | 0.0    | -5876.302387 
  2.00  |  108.00  |  320.00 || -5877.322131  | 0.0    | -5877.322131 
  2.00  |  108.00  |  340.00 || -5875.865385  | 0.0    | -5875.865385 
  2.00  |  112.00  |  0.00 || -5875.135988  | 0.0    | -5875.135988 
  2.00  |  112.00  |  20.00 || -5875.992208  | 0.0    | -5875.992208 
  2.00  |  112.00  |  40.00 || -5876.947457  | 0.0    | -5876.947457 
  2.00  |  112.00  |  60.00 || -5877.646488  | 0.0    | -5877.646488 
  2.00  |  112.00  |  80.00 || -5876.295685  | 0.0    | -5876.295685 
  2.00  |  112.00  |  100.00 || -5874.67686  | 0.0    | -5874.67686 
  2.00  |  112.00  |  120.00 || -5875.726336  | 0.0    | -5875.726336 
  2.00  |  112.00  |  140.00 || -5875.288492  | 0.0    | -5875.288492 
  2.00  |  112.00  |  160.00 || -5874.838807  | 0.0    | -5874.838807 
  2.00  |  112.00  |  180.00 || -5875.140564  | 0.0    | -5875.140564 
  2.00  |  112.00  |  200.00 || -5875.558438  | 0.0    | -5875.558438 
  2.00  |  112.00  |  220.00 || -5876.730556  | 0.0    | -5876.730556 
  2.00  |  112.00  |  240.00 || -5876.93602  | 0.0    | -5876.93602 
  2.00  |  112.00  |  260.00 || -5876.646109  | 0.0    | -5876.646109 
  2.00  |  112.00  |  280.00 || -5875.517758  | 0.0    | -5875.517758 
  2.00  |  112.00  |  300.00 || -5875.601367  | 0.0    | -5875.601367 
  2.00  |  112.00  |  320.00 || -5877.712964  | 0.0    | -5877.712964 
  2.00  |  112.00  |  340.00 || -5876.4908  | 0.0    | -5876.4908 
