
Parameter file:
Precision   double 
K           1
Nk          9
K_fine      19
thresold    0.5
BSZ         128
restart     200
tolerance   1e-5
max_iter    1000
P           4
eps         1e-12
NCRIT       700
theta       0.5
GPU         1

Protein file: 3ghg_interaction/mesh/3ghg_NanoShaper_d04
Sensor  file: NA
Phi     file: NA


Number of elements  : 1241764 
Number of iterations: max: 71, min: 1, avg: 67 
Coulombic energy    : -349371500.105515 kcal/mol 
Total time          : max: 2287.689924s, min: 622.078520s, avg: 2142.137697s 

                    ||              kcal/mol
  h     | Tilt   |  Rotat  ||    Esolv      |    Esurf     |      Esurf+Esolv 
------------------------------------------------------------------------------ 
  2.00  |  68.00  |  0.00 || -5875.356619  | 0.0    | -5875.356619 
  2.00  |  68.00  |  20.00 || -5875.538456  | 0.0    | -5875.538456 
  2.00  |  68.00  |  40.00 || -5876.697941  | 0.0    | -5876.697941 
  2.00  |  68.00  |  60.00 || -5876.893448  | 0.0    | -5876.893448 
  2.00  |  68.00  |  80.00 || -5876.678114  | 0.0    | -5876.678114 
  2.00  |  68.00  |  100.00 || -5875.515841  | 0.0    | -5875.515841 
  2.00  |  68.00  |  120.00 || -5875.557522  | 0.0    | -5875.557522 
  2.00  |  68.00  |  140.00 || -5877.772482  | 0.0    | -5877.772482 
  2.00  |  68.00  |  160.00 || -5876.479105  | 0.0    | -5876.479105 
  2.00  |  68.00  |  180.00 || -5875.16329  | 0.0    | -5875.16329 
  2.00  |  68.00  |  200.00 || -5875.909486  | 0.0    | -5875.909486 
  2.00  |  68.00  |  220.00 || -5876.859271  | 0.0    | -5876.859271 
  2.00  |  68.00  |  240.00 || -5877.710769  | 0.0    | -5877.710769 
  2.00  |  68.00  |  260.00 || -5876.334395  | 0.0    | -5876.334395 
  2.00  |  68.00  |  280.00 || -5874.729899  | 0.0    | -5874.729899 
  2.00  |  68.00  |  300.00 || -5875.712656  | 0.0    | -5875.712656 
  2.00  |  68.00  |  320.00 || -5875.292638  | 0.0    | -5875.292638 
  2.00  |  68.00  |  340.00 || -5874.886074  | 0.0    | -5874.886074 
  2.00  |  72.00  |  0.00 || -5875.049371  | 0.0    | -5875.049371 
  2.00  |  72.00  |  20.00 || -5875.209833  | 0.0    | -5875.209833 
  2.00  |  72.00  |  40.00 || -5875.838276  | 0.0    | -5875.838276 
  2.00  |  72.00  |  60.00 || -5876.662631  | 0.0    | -5876.662631 
  2.00  |  72.00  |  80.00 || -5876.58144  | 0.0    | -5876.58144 
  2.00  |  72.00  |  100.00 || -5875.258256  | 0.0    | -5875.258256 
  2.00  |  72.00  |  120.00 || -5876.357947  | 0.0    | -5876.357947 
  2.00  |  72.00  |  140.00 || -5877.262029  | 0.0    | -5877.262029 
  2.00  |  72.00  |  160.00 || -5875.754707  | 0.0    | -5875.754707 
  2.00  |  72.00  |  180.00 || -5874.917663  | 0.0    | -5874.917663 
  2.00  |  72.00  |  200.00 || -5875.056298  | 0.0    | -5875.056298 
  2.00  |  72.00  |  220.00 || -5877.295847  | 0.0    | -5877.295847 
  2.00  |  72.00  |  240.00 || -5876.929943  | 0.0    | -5876.929943 
  2.00  |  72.00  |  260.00 || -5875.920682  | 0.0    | -5875.920682 
  2.00  |  72.00  |  280.00 || -5874.475848  | 0.0    | -5874.475848 
  2.00  |  72.00  |  300.00 || -5875.038382  | 0.0    | -5875.038382 
  2.00  |  72.00  |  320.00 || -5875.280954  | 0.0    | -5875.280954 
  2.00  |  72.00  |  340.00 || -5875.318375  | 0.0    | -5875.318375 
  2.00  |  76.00  |  0.00 || -5875.363161  | 0.0    | -5875.363161 
  2.00  |  76.00  |  20.00 || -5875.028413  | 0.0    | -5875.028413 
  2.00  |  76.00  |  40.00 || -5875.310284  | 0.0    | -5875.310284 
  2.00  |  76.00  |  60.00 || -5875.933603  | 0.0    | -5875.933603 
  2.00  |  76.00  |  80.00 || -5876.517326  | 0.0    | -5876.517326 
  2.00  |  76.00  |  100.00 || -5874.827681  | 0.0    | -5874.827681 
  2.00  |  76.00  |  120.00 || -5875.996219  | 0.0    | -5875.996219 
  2.00  |  76.00  |  140.00 || -5876.584922  | 0.0    | -5876.584922 
  2.00  |  76.00  |  160.00 || -5876.436457  | 0.0    | -5876.436457 
  2.00  |  76.00  |  180.00 || -5874.679516  | 0.0    | -5874.679516 
  2.00  |  76.00  |  200.00 || -5874.135929  | 0.0    | -5874.135929 
  2.00  |  76.00  |  220.00 || -5876.868713  | 0.0    | -5876.868713 
  2.00  |  76.00  |  240.00 || -5876.547953  | 0.0    | -5876.547953 
  2.00  |  76.00  |  260.00 || -5875.561352  | 0.0    | -5875.561352 
  2.00  |  76.00  |  280.00 || -5874.674381  | 0.0    | -5874.674381 
  2.00  |  76.00  |  300.00 || -5874.785721  | 0.0    | -5874.785721 
  2.00  |  76.00  |  320.00 || -5875.605604  | 0.0    | -5875.605604 
  2.00  |  76.00  |  340.00 || -5875.335715  | 0.0    | -5875.335715 
