
Parameter file:
Precision   double 
K           1
Nk          9
K_fine      19
thresold    0.5
BSZ         128
restart     200
tolerance   1e-5
max_iter    1000
P           4
eps         1e-12
NCRIT       700
theta       0.5
GPU         1

Protein file: 3ghg_interaction/mesh/3ghg_NanoShaper_d04
Sensor  file: NA
Phi     file: NA


Number of elements  : 1241764 
Number of iterations: max: 73, min: 1, avg: 69 
Coulombic energy    : -349371501.087558 kcal/mol 
Total time          : max: 2437.600636s, min: 624.778116s, avg: 2255.675924s 

                    ||              kcal/mol
  h     | Tilt   |  Rotat  ||    Esolv      |    Esurf     |      Esurf+Esolv 
------------------------------------------------------------------------------ 
  2.00  |  44.00  |  0.00 || -5876.490753  | 0.0    | -5876.490753 
  2.00  |  44.00  |  20.00 || -5878.046172  | 0.0    | -5878.046172 
  2.00  |  44.00  |  40.00 || -5877.549765  | 0.0    | -5877.549765 
  2.00  |  44.00  |  60.00 || -5876.747092  | 0.0    | -5876.747092 
  2.00  |  44.00  |  80.00 || -5876.446665  | 0.0    | -5876.446665 
  2.00  |  44.00  |  100.00 || -5876.700437  | 0.0    | -5876.700437 
  2.00  |  44.00  |  120.00 || -5878.032378  | 0.0    | -5878.032378 
  2.00  |  44.00  |  140.00 || -5876.342738  | 0.0    | -5876.342738 
  2.00  |  44.00  |  160.00 || -5876.018184  | 0.0    | -5876.018184 
  2.00  |  44.00  |  180.00 || -5876.252826  | 0.0    | -5876.252826 
  2.00  |  44.00  |  200.00 || -5877.3209  | 0.0    | -5877.3209 
  2.00  |  44.00  |  220.00 || -5877.357297  | 0.0    | -5877.357297 
  2.00  |  44.00  |  240.00 || -5876.697882  | 0.0    | -5876.697882 
  2.00  |  44.00  |  260.00 || -5876.750756  | 0.0    | -5876.750756 
  2.00  |  44.00  |  280.00 || -5876.565889  | 0.0    | -5876.565889 
  2.00  |  44.00  |  300.00 || -5878.523015  | 0.0    | -5878.523015 
  2.00  |  44.00  |  320.00 || -5876.400586  | 0.0    | -5876.400586 
  2.00  |  44.00  |  340.00 || -5875.401994  | 0.0    | -5875.401994 
  2.00  |  48.00  |  0.00 || -5876.529131  | 0.0    | -5876.529131 
  2.00  |  48.00  |  20.00 || -5876.853544  | 0.0    | -5876.853544 
  2.00  |  48.00  |  40.00 || -5876.747491  | 0.0    | -5876.747491 
  2.00  |  48.00  |  60.00 || -5877.376375  | 0.0    | -5877.376375 
  2.00  |  48.00  |  80.00 || -5876.915829  | 0.0    | -5876.915829 
  2.00  |  48.00  |  100.00 || -5876.779483  | 0.0    | -5876.779483 
  2.00  |  48.00  |  120.00 || -5878.547925  | 0.0    | -5878.547925 
  2.00  |  48.00  |  140.00 || -5876.772426  | 0.0    | -5876.772426 
  2.00  |  48.00  |  160.00 || -5875.751595  | 0.0    | -5875.751595 
  2.00  |  48.00  |  180.00 || -5876.041652  | 0.0    | -5876.041652 
  2.00  |  48.00  |  200.00 || -5878.136311  | 0.0    | -5878.136311 
  2.00  |  48.00  |  220.00 || -5877.444505  | 0.0    | -5877.444505 
  2.00  |  48.00  |  240.00 || -5876.981965  | 0.0    | -5876.981965 
  2.00  |  48.00  |  260.00 || -5876.100016  | 0.0    | -5876.100016 
  2.00  |  48.00  |  280.00 || -5876.094319  | 0.0    | -5876.094319 
  2.00  |  48.00  |  300.00 || -5877.43246  | 0.0    | -5877.43246 
  2.00  |  48.00  |  320.00 || -5875.976337  | 0.0    | -5875.976337 
  2.00  |  48.00  |  340.00 || -5876.357517  | 0.0    | -5876.357517 
  2.00  |  52.00  |  0.00 || -5875.579427  | 0.0    | -5875.579427 
  2.00  |  52.00  |  20.00 || -5876.47685  | 0.0    | -5876.47685 
  2.00  |  52.00  |  40.00 || -5878.001266  | 0.0    | -5878.001266 
  2.00  |  52.00  |  60.00 || -5877.729793  | 0.0    | -5877.729793 
  2.00  |  52.00  |  80.00 || -5877.648651  | 0.0    | -5877.648651 
  2.00  |  52.00  |  100.00 || -5876.886482  | 0.0    | -5876.886482 
  2.00  |  52.00  |  120.00 || -5879.268818  | 0.0    | -5879.268818 
  2.00  |  52.00  |  140.00 || -5876.378338  | 0.0    | -5876.378338 
  2.00  |  52.00  |  160.00 || -5875.99729  | 0.0    | -5875.99729 
  2.00  |  52.00  |  180.00 || -5876.105478  | 0.0    | -5876.105478 
  2.00  |  52.00  |  200.00 || -5877.284422  | 0.0    | -5877.284422 
  2.00  |  52.00  |  220.00 || -5877.832225  | 0.0    | -5877.832225 
  2.00  |  52.00  |  240.00 || -5878.229454  | 0.0    | -5878.229454 
  2.00  |  52.00  |  260.00 || -5875.607416  | 0.0    | -5875.607416 
  2.00  |  52.00  |  280.00 || -5875.991215  | 0.0    | -5875.991215 
  2.00  |  52.00  |  300.00 || -5877.352357  | 0.0    | -5877.352357 
  2.00  |  52.00  |  320.00 || -5876.67953  | 0.0    | -5876.67953 
  2.00  |  52.00  |  340.00 || -5876.56021  | 0.0    | -5876.56021 
