
Parameter file:
Precision   double 
K           1
Nk          9
K_fine      19
thresold    0.5
BSZ         128
restart     200
tolerance   1e-5
max_iter    1000
P           4
eps         1e-12
NCRIT       700
theta       0.5
GPU         1

Protein file: 3ghg_interaction/mesh/3ghg_NanoShaper_d04
Sensor  file: NA
Phi     file: NA


Number of elements  : 1241764 
Number of iterations: max: 70, min: 1, avg: 64 
Coulombic energy    : -349371500.711631 kcal/mol 
Total time          : max: 2213.052055s, min: 607.584048s, avg: 2071.547232s 

                    ||              kcal/mol
  h     | Tilt   |  Rotat  ||    Esolv      |    Esurf     |      Esurf+Esolv 
------------------------------------------------------------------------------ 
  2.00  |  0.00  |  0.00 || -5874.991765  | 0.0    | -5874.991765 
  2.00  |  4.00  |  0.00 || -5874.926835  | 0.0    | -5874.926835 
  2.00  |  4.00  |  20.00 || -5874.834987  | 0.0    | -5874.834987 
  2.00  |  4.00  |  40.00 || -5874.950672  | 0.0    | -5874.950672 
  2.00  |  4.00  |  60.00 || -5874.873555  | 0.0    | -5874.873555 
  2.00  |  4.00  |  80.00 || -5875.612719  | 0.0    | -5875.612719 
  2.00  |  4.00  |  100.00 || -5873.857654  | 0.0    | -5873.857654 
  2.00  |  4.00  |  120.00 || -5874.017982  | 0.0    | -5874.017982 
  2.00  |  4.00  |  140.00 || -5873.553322  | 0.0    | -5873.553322 
  2.00  |  4.00  |  160.00 || -5875.239266  | 0.0    | -5875.239266 
  2.00  |  4.00  |  180.00 || -5875.549272  | 0.0    | -5875.549272 
  2.00  |  4.00  |  200.00 || -5875.837646  | 0.0    | -5875.837646 
  2.00  |  4.00  |  220.00 || -5872.90434  | 0.0    | -5872.90434 
  2.00  |  4.00  |  240.00 || -5874.494162  | 0.0    | -5874.494162 
  2.00  |  4.00  |  260.00 || -5875.599027  | 0.0    | -5875.599027 
  2.00  |  4.00  |  280.00 || -5874.767939  | 0.0    | -5874.767939 
  2.00  |  4.00  |  300.00 || -5875.586175  | 0.0    | -5875.586175 
  2.00  |  4.00  |  320.00 || -5875.382663  | 0.0    | -5875.382663 
  2.00  |  4.00  |  340.00 || -5875.919117  | 0.0    | -5875.919117 
