
Parameter file:
Precision   double 
K           1
Nk          9
K_fine      19
thresold    0.5
BSZ         128
restart     200
tolerance   1e-5
max_iter    1000
P           4
eps         1e-12
NCRIT       700
theta       0.5
GPU         1

Protein file: 3ghg_interaction/mesh/3ghg_NanoShaper_d04
Sensor  file: NA
Phi     file: NA


Number of elements  : 1241764 
Number of iterations: max: 70, min: 1, avg: 64 
Coulombic energy    : -349371501.174910 kcal/mol 
Total time          : max: 2288.972429s, min: 611.573627s, avg: 2110.791207s 

                    ||              kcal/mol
  h     | Tilt   |  Rotat  ||    Esolv      |    Esurf     |      Esurf+Esolv 
------------------------------------------------------------------------------ 
  2.00  |  176.00  |  0.00 || -5875.393509  | 0.0    | -5875.393509 
  2.00  |  176.00  |  20.00 || -5875.738795  | 0.0    | -5875.738795 
  2.00  |  176.00  |  40.00 || -5872.925107  | 0.0    | -5872.925107 
  2.00  |  176.00  |  60.00 || -5874.510516  | 0.0    | -5874.510516 
  2.00  |  176.00  |  80.00 || -5875.555572  | 0.0    | -5875.555572 
  2.00  |  176.00  |  100.00 || -5874.679231  | 0.0    | -5874.679231 
  2.00  |  176.00  |  120.00 || -5875.49517  | 0.0    | -5875.49517 
  2.00  |  176.00  |  140.00 || -5875.426332  | 0.0    | -5875.426332 
  2.00  |  176.00  |  160.00 || -5875.889972  | 0.0    | -5875.889972 
  2.00  |  176.00  |  180.00 || -5874.974872  | 0.0    | -5874.974872 
  2.00  |  176.00  |  200.00 || -5874.811209  | 0.0    | -5874.811209 
  2.00  |  176.00  |  220.00 || -5874.933574  | 0.0    | -5874.933574 
  2.00  |  176.00  |  240.00 || -5874.881974  | 0.0    | -5874.881974 
  2.00  |  176.00  |  260.00 || -5875.604816  | 0.0    | -5875.604816 
  2.00  |  176.00  |  280.00 || -5873.874157  | 0.0    | -5873.874157 
  2.00  |  176.00  |  300.00 || -5873.924946  | 0.0    | -5873.924946 
  2.00  |  176.00  |  320.00 || -5873.457429  | 0.0    | -5873.457429 
  2.00  |  176.00  |  340.00 || -5875.114676  | 0.0    | -5875.114676 
  2.00  |  180.00  |  0.00 || -5874.829286  | 0.0    | -5874.829286 
