
Parameter file:
Precision   double 
K           1
Nk          9
K_fine      19
thresold    0.5
BSZ         128
restart     200
tolerance   1e-5
max_iter    1000
P           4
eps         1e-12
NCRIT       700
theta       0.5
GPU         1

Protein file: 3ghg_interaction/mesh/3ghg_NanoShaper_d04
Sensor  file: NA
Phi     file: NA


Number of elements  : 1241764 
Number of iterations: max: 72, min: 1, avg: 68 
Coulombic energy    : -349371500.745176 kcal/mol 
Total time          : max: 2411.869078s, min: 616.850595s, avg: 2259.297123s 

                    ||              kcal/mol
  h     | Tilt   |  Rotat  ||    Esolv      |    Esurf     |      Esurf+Esolv 
------------------------------------------------------------------------------ 
  2.00  |  128.00  |  0.00 || -5876.175617  | 0.0    | -5876.175617 
  2.00  |  128.00  |  20.00 || -5877.225565  | 0.0    | -5877.225565 
  2.00  |  128.00  |  40.00 || -5877.843365  | 0.0    | -5877.843365 
  2.00  |  128.00  |  60.00 || -5878.187733  | 0.0    | -5878.187733 
  2.00  |  128.00  |  80.00 || -5875.611061  | 0.0    | -5875.611061 
  2.00  |  128.00  |  100.00 || -5876.09086  | 0.0    | -5876.09086 
  2.00  |  128.00  |  120.00 || -5877.407426  | 0.0    | -5877.407426 
  2.00  |  128.00  |  140.00 || -5876.588803  | 0.0    | -5876.588803 
  2.00  |  128.00  |  160.00 || -5876.531326  | 0.0    | -5876.531326 
  2.00  |  128.00  |  180.00 || -5875.665723  | 0.0    | -5875.665723 
  2.00  |  128.00  |  200.00 || -5876.568332  | 0.0    | -5876.568332 
  2.00  |  128.00  |  220.00 || -5877.981165  | 0.0    | -5877.981165 
  2.00  |  128.00  |  240.00 || -5877.69767  | 0.0    | -5877.69767 
  2.00  |  128.00  |  260.00 || -5877.669776  | 0.0    | -5877.669776 
  2.00  |  128.00  |  280.00 || -5877.063709  | 0.0    | -5877.063709 
  2.00  |  128.00  |  300.00 || -5879.218672  | 0.0    | -5879.218672 
  2.00  |  128.00  |  320.00 || -5876.39981  | 0.0    | -5876.39981 
  2.00  |  128.00  |  340.00 || -5875.983049  | 0.0    | -5875.983049 
  2.00  |  132.00  |  0.00 || -5876.155368  | 0.0    | -5876.155368 
  2.00  |  132.00  |  20.00 || -5878.08813  | 0.0    | -5878.08813 
  2.00  |  132.00  |  40.00 || -5877.550696  | 0.0    | -5877.550696 
  2.00  |  132.00  |  60.00 || -5876.986866  | 0.0    | -5876.986866 
  2.00  |  132.00  |  80.00 || -5876.276719  | 0.0    | -5876.276719 
  2.00  |  132.00  |  100.00 || -5876.191528  | 0.0    | -5876.191528 
  2.00  |  132.00  |  120.00 || -5877.446504  | 0.0    | -5877.446504 
  2.00  |  132.00  |  140.00 || -5876.062617  | 0.0    | -5876.062617 
  2.00  |  132.00  |  160.00 || -5876.322677  | 0.0    | -5876.322677 
  2.00  |  132.00  |  180.00 || -5876.520838  | 0.0    | -5876.520838 
  2.00  |  132.00  |  200.00 || -5876.795426  | 0.0    | -5876.795426 
  2.00  |  132.00  |  220.00 || -5876.777157  | 0.0    | -5876.777157 
  2.00  |  132.00  |  240.00 || -5877.40063  | 0.0    | -5877.40063 
  2.00  |  132.00  |  260.00 || -5876.944248  | 0.0    | -5876.944248 
  2.00  |  132.00  |  280.00 || -5876.831748  | 0.0    | -5876.831748 
  2.00  |  132.00  |  300.00 || -5878.595386  | 0.0    | -5878.595386 
  2.00  |  132.00  |  320.00 || -5876.827918  | 0.0    | -5876.827918 
  2.00  |  132.00  |  340.00 || -5875.877409  | 0.0    | -5875.877409 
  2.00  |  136.00  |  0.00 || -5876.339403  | 0.0    | -5876.339403 
  2.00  |  136.00  |  20.00 || -5877.346247  | 0.0    | -5877.346247 
  2.00  |  136.00  |  40.00 || -5877.413615  | 0.0    | -5877.413615 
  2.00  |  136.00  |  60.00 || -5876.759831  | 0.0    | -5876.759831 
  2.00  |  136.00  |  80.00 || -5876.831582  | 0.0    | -5876.831582 
  2.00  |  136.00  |  100.00 || -5876.679316  | 0.0    | -5876.679316 
  2.00  |  136.00  |  120.00 || -5878.450942  | 0.0    | -5878.450942 
  2.00  |  136.00  |  140.00 || -5876.421795  | 0.0    | -5876.421795 
  2.00  |  136.00  |  160.00 || -5875.351763  | 0.0    | -5875.351763 
  2.00  |  136.00  |  180.00 || -5876.404524  | 0.0    | -5876.404524 
  2.00  |  136.00  |  200.00 || -5878.017293  | 0.0    | -5878.017293 
  2.00  |  136.00  |  220.00 || -5877.628078  | 0.0    | -5877.628078 
  2.00  |  136.00  |  240.00 || -5876.70956  | 0.0    | -5876.70956 
  2.00  |  136.00  |  260.00 || -5876.521189  | 0.0    | -5876.521189 
  2.00  |  136.00  |  280.00 || -5876.801221  | 0.0    | -5876.801221 
  2.00  |  136.00  |  300.00 || -5878.111804  | 0.0    | -5878.111804 
  2.00  |  136.00  |  320.00 || -5876.226233  | 0.0    | -5876.226233 
  2.00  |  136.00  |  340.00 || -5875.981858  | 0.0    | -5875.981858 
