
Parameter file:
Precision   double 
K           1
Nk          9
K_fine      19
thresold    0.5
BSZ         128
restart     200
tolerance   1e-5
max_iter    1000
P           4
eps         1e-12
NCRIT       700
theta       0.5
GPU         1

Protein file: 3ghg_interaction/mesh/3ghg_NanoShaper_d04
Sensor  file: NA
Phi     file: NA


Number of elements  : 1241764 
Number of iterations: max: 72, min: 1, avg: 68 
Coulombic energy    : -349371500.357659 kcal/mol 
Total time          : max: 2385.456918s, min: 622.025491s, avg: 2237.440935s 

                    ||              kcal/mol
  h     | Tilt   |  Rotat  ||    Esolv      |    Esurf     |      Esurf+Esolv 
------------------------------------------------------------------------------ 
  2.00  |  20.00  |  0.00 || -5874.591899  | 0.0    | -5874.591899 
  2.00  |  20.00  |  20.00 || -5875.587084  | 0.0    | -5875.587084 
  2.00  |  20.00  |  40.00 || -5877.195465  | 0.0    | -5877.195465 
  2.00  |  20.00  |  60.00 || -5877.190222  | 0.0    | -5877.190222 
  2.00  |  20.00  |  80.00 || -5876.346356  | 0.0    | -5876.346356 
  2.00  |  20.00  |  100.00 || -5874.39574  | 0.0    | -5874.39574 
  2.00  |  20.00  |  120.00 || -5875.342439  | 0.0    | -5875.342439 
  2.00  |  20.00  |  140.00 || -5874.775566  | 0.0    | -5874.775566 
  2.00  |  20.00  |  160.00 || -5874.962077  | 0.0    | -5874.962077 
  2.00  |  20.00  |  180.00 || -5875.439214  | 0.0    | -5875.439214 
  2.00  |  20.00  |  200.00 || -5875.142831  | 0.0    | -5875.142831 
  2.00  |  20.00  |  220.00 || -5876.456909  | 0.0    | -5876.456909 
  2.00  |  20.00  |  240.00 || -5876.365876  | 0.0    | -5876.365876 
  2.00  |  20.00  |  260.00 || -5876.455137  | 0.0    | -5876.455137 
  2.00  |  20.00  |  280.00 || -5875.365697  | 0.0    | -5875.365697 
  2.00  |  20.00  |  300.00 || -5876.04415  | 0.0    | -5876.04415 
  2.00  |  20.00  |  320.00 || -5877.665324  | 0.0    | -5877.665324 
  2.00  |  20.00  |  340.00 || -5876.034005  | 0.0    | -5876.034005 
  2.00  |  24.00  |  0.00 || -5875.422289  | 0.0    | -5875.422289 
  2.00  |  24.00  |  20.00 || -5875.98785  | 0.0    | -5875.98785 
  2.00  |  24.00  |  40.00 || -5877.979401  | 0.0    | -5877.979401 
  2.00  |  24.00  |  60.00 || -5877.140488  | 0.0    | -5877.140488 
  2.00  |  24.00  |  80.00 || -5876.356737  | 0.0    | -5876.356737 
  2.00  |  24.00  |  100.00 || -5874.738772  | 0.0    | -5874.738772 
  2.00  |  24.00  |  120.00 || -5875.633518  | 0.0    | -5875.633518 
  2.00  |  24.00  |  140.00 || -5876.119579  | 0.0    | -5876.119579 
  2.00  |  24.00  |  160.00 || -5874.378472  | 0.0    | -5874.378472 
  2.00  |  24.00  |  180.00 || -5875.339544  | 0.0    | -5875.339544 
  2.00  |  24.00  |  200.00 || -5875.187404  | 0.0    | -5875.187404 
  2.00  |  24.00  |  220.00 || -5875.897661  | 0.0    | -5875.897661 
  2.00  |  24.00  |  240.00 || -5876.861719  | 0.0    | -5876.861719 
  2.00  |  24.00  |  260.00 || -5876.904659  | 0.0    | -5876.904659 
  2.00  |  24.00  |  280.00 || -5875.66161  | 0.0    | -5875.66161 
  2.00  |  24.00  |  300.00 || -5875.584544  | 0.0    | -5875.584544 
  2.00  |  24.00  |  320.00 || -5878.040052  | 0.0    | -5878.040052 
  2.00  |  24.00  |  340.00 || -5876.933188  | 0.0    | -5876.933188 
  2.00  |  28.00  |  0.00 || -5875.702016  | 0.0    | -5875.702016 
  2.00  |  28.00  |  20.00 || -5876.452767  | 0.0    | -5876.452767 
  2.00  |  28.00  |  40.00 || -5878.305692  | 0.0    | -5878.305692 
  2.00  |  28.00  |  60.00 || -5877.218107  | 0.0    | -5877.218107 
  2.00  |  28.00  |  80.00 || -5876.628196  | 0.0    | -5876.628196 
  2.00  |  28.00  |  100.00 || -5874.905001  | 0.0    | -5874.905001 
  2.00  |  28.00  |  120.00 || -5875.772944  | 0.0    | -5875.772944 
  2.00  |  28.00  |  140.00 || -5876.913383  | 0.0    | -5876.913383 
  2.00  |  28.00  |  160.00 || -5874.859796  | 0.0    | -5874.859796 
  2.00  |  28.00  |  180.00 || -5875.251856  | 0.0    | -5875.251856 
  2.00  |  28.00  |  200.00 || -5875.570342  | 0.0    | -5875.570342 
  2.00  |  28.00  |  220.00 || -5876.798184  | 0.0    | -5876.798184 
  2.00  |  28.00  |  240.00 || -5877.242712  | 0.0    | -5877.242712 
  2.00  |  28.00  |  260.00 || -5877.453148  | 0.0    | -5877.453148 
  2.00  |  28.00  |  280.00 || -5875.775706  | 0.0    | -5875.775706 
  2.00  |  28.00  |  300.00 || -5876.725377  | 0.0    | -5876.725377 
  2.00  |  28.00  |  320.00 || -5877.701478  | 0.0    | -5877.701478 
  2.00  |  28.00  |  340.00 || -5877.38776  | 0.0    | -5877.38776 
