
Parameter file:
Precision   double 
K           1
Nk          9
K_fine      19
thresold    0.5
BSZ         128
restart     200
tolerance   1e-5
max_iter    1000
P           4
eps         1e-12
NCRIT       700
theta       0.5
GPU         1

Protein file: 3ghg_interaction/mesh/3ghg_NanoShaper_d04
Sensor  file: NA
Phi     file: NA


Number of elements  : 1241764 
Number of iterations: max: 70, min: 1, avg: 67 
Coulombic energy    : -349371500.804428 kcal/mol 
Total time          : max: 2324.441339s, min: 611.124518s, avg: 2139.121634s 

                    ||              kcal/mol
  h     | Tilt   |  Rotat  ||    Esolv      |    Esurf     |      Esurf+Esolv 
------------------------------------------------------------------------------ 
  2.00  |  92.00  |  0.00 || -5874.795888  | 0.0    | -5874.795888 
  2.00  |  92.00  |  20.00 || -5875.008953  | 0.0    | -5875.008953 
  2.00  |  92.00  |  40.00 || -5874.735551  | 0.0    | -5874.735551 
  2.00  |  92.00  |  60.00 || -5874.778656  | 0.0    | -5874.778656 
  2.00  |  92.00  |  80.00 || -5875.532909  | 0.0    | -5875.532909 
  2.00  |  92.00  |  100.00 || -5874.172052  | 0.0    | -5874.172052 
  2.00  |  92.00  |  120.00 || -5874.532959  | 0.0    | -5874.532959 
  2.00  |  92.00  |  140.00 || -5873.713106  | 0.0    | -5873.713106 
  2.00  |  92.00  |  160.00 || -5875.584221  | 0.0    | -5875.584221 
  2.00  |  92.00  |  180.00 || -5874.885657  | 0.0    | -5874.885657 
  2.00  |  92.00  |  200.00 || -5875.50645  | 0.0    | -5875.50645 
  2.00  |  92.00  |  220.00 || -5873.086536  | 0.0    | -5873.086536 
  2.00  |  92.00  |  240.00 || -5875.01919  | 0.0    | -5875.01919 
  2.00  |  92.00  |  260.00 || -5875.572041  | 0.0    | -5875.572041 
  2.00  |  92.00  |  280.00 || -5874.58153  | 0.0    | -5874.58153 
  2.00  |  92.00  |  300.00 || -5876.053253  | 0.0    | -5876.053253 
  2.00  |  92.00  |  320.00 || -5875.300132  | 0.0    | -5875.300132 
  2.00  |  92.00  |  340.00 || -5876.131446  | 0.0    | -5876.131446 
  2.00  |  96.00  |  0.00 || -5874.807533  | 0.0    | -5874.807533 
  2.00  |  96.00  |  20.00 || -5874.9928  | 0.0    | -5874.9928 
  2.00  |  96.00  |  40.00 || -5874.86422  | 0.0    | -5874.86422 
  2.00  |  96.00  |  60.00 || -5875.386407  | 0.0    | -5875.386407 
  2.00  |  96.00  |  80.00 || -5875.76407  | 0.0    | -5875.76407 
  2.00  |  96.00  |  100.00 || -5873.756721  | 0.0    | -5873.756721 
  2.00  |  96.00  |  120.00 || -5874.456465  | 0.0    | -5874.456465 
  2.00  |  96.00  |  140.00 || -5873.075256  | 0.0    | -5873.075256 
  2.00  |  96.00  |  160.00 || -5875.046318  | 0.0    | -5875.046318 
  2.00  |  96.00  |  180.00 || -5875.537329  | 0.0    | -5875.537329 
  2.00  |  96.00  |  200.00 || -5875.620199  | 0.0    | -5875.620199 
  2.00  |  96.00  |  220.00 || -5872.694282  | 0.0    | -5872.694282 
  2.00  |  96.00  |  240.00 || -5874.685358  | 0.0    | -5874.685358 
  2.00  |  96.00  |  260.00 || -5876.029984  | 0.0    | -5876.029984 
  2.00  |  96.00  |  280.00 || -5874.731482  | 0.0    | -5874.731482 
  2.00  |  96.00  |  300.00 || -5875.877084  | 0.0    | -5875.877084 
  2.00  |  96.00  |  320.00 || -5875.657634  | 0.0    | -5875.657634 
  2.00  |  96.00  |  340.00 || -5876.218488  | 0.0    | -5876.218488 
  2.00  |  100.00  |  0.00 || -5874.736149  | 0.0    | -5874.736149 
  2.00  |  100.00  |  20.00 || -5874.809372  | 0.0    | -5874.809372 
  2.00  |  100.00  |  40.00 || -5875.916249  | 0.0    | -5875.916249 
  2.00  |  100.00  |  60.00 || -5876.053028  | 0.0    | -5876.053028 
  2.00  |  100.00  |  80.00 || -5875.515665  | 0.0    | -5875.515665 
  2.00  |  100.00  |  100.00 || -5874.007132  | 0.0    | -5874.007132 
  2.00  |  100.00  |  120.00 || -5875.471796  | 0.0    | -5875.471796 
  2.00  |  100.00  |  140.00 || -5873.73858  | 0.0    | -5873.73858 
  2.00  |  100.00  |  160.00 || -5874.945608  | 0.0    | -5874.945608 
  2.00  |  100.00  |  180.00 || -5874.751267  | 0.0    | -5874.751267 
  2.00  |  100.00  |  200.00 || -5875.351502  | 0.0    | -5875.351502 
  2.00  |  100.00  |  220.00 || -5875.559533  | 0.0    | -5875.559533 
  2.00  |  100.00  |  240.00 || -5874.833857  | 0.0    | -5874.833857 
  2.00  |  100.00  |  260.00 || -5876.127035  | 0.0    | -5876.127035 
  2.00  |  100.00  |  280.00 || -5874.955461  | 0.0    | -5874.955461 
  2.00  |  100.00  |  300.00 || -5875.778174  | 0.0    | -5875.778174 
  2.00  |  100.00  |  320.00 || -5876.433833  | 0.0    | -5876.433833 
  2.00  |  100.00  |  340.00 || -5876.399206  | 0.0    | -5876.399206 
