
Parameter file:
Precision   double 
K           1
Nk          9
K_fine      19
thresold    0.5
BSZ         128
restart     200
tolerance   1e-5
max_iter    1000
P           4
eps         1e-12
NCRIT       700
theta       0.5
GPU         1

Protein file: 3ghg_interaction/mesh/3ghg_NanoShaper_d04
Surf2D  file: 3ghg_interaction/mesh/Graph_Config2_NanoShaper_d02
Phi     file: NA

Number of elements  : 1241764  
Number of iterations: max: 70, min: 1 
Coulombic energy    : -349371501.174910 kcal/mol  
Total time          : max: 2295.146369s, min: 607.170878s 

                             ||              kcal/mol                            
  h     |   Tilt   |   Rotat  ||    Esolv      |    Esurf     |      Esurf+Esolv  
------------------------------------------------------------------------------ 
  2.00  |   0.00   |   0.00   || -5874.991765  | 0.0    | -5874.991765 
  2.00  |   4.00   |   0.00   || -5874.926835  | 0.0    | -5874.926835 
  2.00  |   4.00   |   20.00   || -5874.834987  | 0.0    | -5874.834987 
  2.00  |   4.00   |   40.00   || -5874.950672  | 0.0    | -5874.950672 
  2.00  |   4.00   |   60.00   || -5874.873555  | 0.0    | -5874.873555 
  2.00  |   4.00   |   80.00   || -5875.612719  | 0.0    | -5875.612719 
  2.00  |   4.00   |   100.00   || -5873.857654  | 0.0    | -5873.857654 
  2.00  |   4.00   |   120.00   || -5874.017982  | 0.0    | -5874.017982 
  2.00  |   4.00   |   140.00   || -5873.553322  | 0.0    | -5873.553322 
  2.00  |   4.00   |   160.00   || -5875.239266  | 0.0    | -5875.239266 
  2.00  |   4.00   |   180.00   || -5875.549272  | 0.0    | -5875.549272 
  2.00  |   4.00   |   200.00   || -5875.837646  | 0.0    | -5875.837646 
  2.00  |   4.00   |   220.00   || -5872.90434  | 0.0    | -5872.90434 
  2.00  |   4.00   |   240.00   || -5874.494162  | 0.0    | -5874.494162 
  2.00  |   4.00   |   260.00   || -5875.599027  | 0.0    | -5875.599027 
  2.00  |   4.00   |   280.00   || -5874.767939  | 0.0    | -5874.767939 
  2.00  |   4.00   |   300.00   || -5875.586175  | 0.0    | -5875.586175 
  2.00  |   4.00   |   320.00   || -5875.382663  | 0.0    | -5875.382663 
  2.00  |   4.00   |   340.00   || -5875.919117  | 0.0    | -5875.919117 
  2.00  |   8.00   |   0.00   || -5874.61277  | 0.0    | -5874.61277 
  2.00  |   8.00   |   20.00   || -5874.790395  | 0.0    | -5874.790395 
  2.00  |   8.00   |   40.00   || -5875.1497  | 0.0    | -5875.1497 
  2.00  |   8.00   |   60.00   || -5875.683729  | 0.0    | -5875.683729 
  2.00  |   8.00   |   80.00   || -5875.738115  | 0.0    | -5875.738115 
  2.00  |   8.00   |   100.00   || -5873.976527  | 0.0    | -5873.976527 
  2.00  |   8.00   |   120.00   || -5875.395417  | 0.0    | -5875.395417 
  2.00  |   8.00   |   140.00   || -5873.690588  | 0.0    | -5873.690588 
  2.00  |   8.00   |   160.00   || -5874.649607  | 0.0    | -5874.649607 
  2.00  |   8.00   |   180.00   || -5875.052643  | 0.0    | -5875.052643 
  2.00  |   8.00   |   200.00   || -5875.809486  | 0.0    | -5875.809486 
  2.00  |   8.00   |   220.00   || -5873.239722  | 0.0    | -5873.239722 
  2.00  |   8.00   |   240.00   || -5875.108136  | 0.0    | -5875.108136 
  2.00  |   8.00   |   260.00   || -5875.917281  | 0.0    | -5875.917281 
  2.00  |   8.00   |   280.00   || -5874.636736  | 0.0    | -5874.636736 
  2.00  |   8.00   |   300.00   || -5875.834941  | 0.0    | -5875.834941 
  2.00  |   8.00   |   320.00   || -5875.979465  | 0.0    | -5875.979465 
  2.00  |   8.00   |   340.00   || -5876.570342  | 0.0    | -5876.570342 
  2.00  |   12.00   |   0.00   || -5874.602943  | 0.0    | -5874.602943 
  2.00  |   12.00   |   20.00   || -5874.47577  | 0.0    | -5874.47577 
  2.00  |   12.00   |   40.00   || -5876.105531  | 0.0    | -5876.105531 
  2.00  |   12.00   |   60.00   || -5876.404927  | 0.0    | -5876.404927 
  2.00  |   12.00   |   80.00   || -5875.712493  | 0.0    | -5875.712493 
  2.00  |   12.00   |   100.00   || -5874.540912  | 0.0    | -5874.540912 
  2.00  |   12.00   |   120.00   || -5875.253664  | 0.0    | -5875.253664 
  2.00  |   12.00   |   140.00   || -5874.536463  | 0.0    | -5874.536463 
  2.00  |   12.00   |   160.00   || -5874.962834  | 0.0    | -5874.962834 
  2.00  |   12.00   |   180.00   || -5874.788681  | 0.0    | -5874.788681 
  2.00  |   12.00   |   200.00   || -5875.447337  | 0.0    | -5875.447337 
  2.00  |   12.00   |   220.00   || -5874.846493  | 0.0    | -5874.846493 
  2.00  |   12.00   |   240.00   || -5875.208219  | 0.0    | -5875.208219 
  2.00  |   12.00   |   260.00   || -5876.244942  | 0.0    | -5876.244942 
  2.00  |   12.00   |   280.00   || -5874.826149  | 0.0    | -5874.826149 
  2.00  |   12.00   |   300.00   || -5875.67797  | 0.0    | -5875.67797 
  2.00  |   12.00   |   320.00   || -5876.266976  | 0.0    | -5876.266976 
  2.00  |   12.00   |   340.00   || -5876.050913  | 0.0    | -5876.050913 
  2.00  |   16.00   |   0.00   || -5875.020125  | 0.0    | -5875.020125 
  2.00  |   16.00   |   20.00   || -5874.770484  | 0.0    | -5874.770484 
  2.00  |   16.00   |   40.00   || -5876.625421  | 0.0    | -5876.625421 
  2.00  |   16.00   |   60.00   || -5876.547643  | 0.0    | -5876.547643 
  2.00  |   16.00   |   80.00   || -5875.470591  | 0.0    | -5875.470591 
  2.00  |   16.00   |   100.00   || -5874.693045  | 0.0    | -5874.693045 
  2.00  |   16.00   |   120.00   || -5874.976838  | 0.0    | -5874.976838 
  2.00  |   16.00   |   140.00   || -5875.659326  | 0.0    | -5875.659326 
  2.00  |   16.00   |   160.00   || -5875.267691  | 0.0    | -5875.267691 
  2.00  |   16.00   |   180.00   || -5875.438913  | 0.0    | -5875.438913 
  2.00  |   16.00   |   200.00   || -5875.495646  | 0.0    | -5875.495646 
  2.00  |   16.00   |   220.00   || -5875.630283  | 0.0    | -5875.630283 
  2.00  |   16.00   |   240.00   || -5875.991611  | 0.0    | -5875.991611 
  2.00  |   16.00   |   260.00   || -5876.238471  | 0.0    | -5876.238471 
  2.00  |   16.00   |   280.00   || -5875.013661  | 0.0    | -5875.013661 
  2.00  |   16.00   |   300.00   || -5876.334266  | 0.0    | -5876.334266 
  2.00  |   16.00   |   320.00   || -5876.968346  | 0.0    | -5876.968346 
  2.00  |   16.00   |   340.00   || -5875.941607  | 0.0    | -5875.941607 
  2.00  |   20.00   |   0.00   || -5874.591899  | 0.0    | -5874.591899 
  2.00  |   20.00   |   20.00   || -5875.587084  | 0.0    | -5875.587084 
  2.00  |   20.00   |   40.00   || -5877.195465  | 0.0    | -5877.195465 
  2.00  |   20.00   |   60.00   || -5877.190222  | 0.0    | -5877.190222 
  2.00  |   20.00   |   80.00   || -5876.346356  | 0.0    | -5876.346356 
  2.00  |   20.00   |   100.00   || -5874.39574  | 0.0    | -5874.39574 
  2.00  |   20.00   |   120.00   || -5875.342439  | 0.0    | -5875.342439 
  2.00  |   20.00   |   140.00   || -5874.775566  | 0.0    | -5874.775566 
  2.00  |   20.00   |   160.00   || -5874.962077  | 0.0    | -5874.962077 
  2.00  |   20.00   |   180.00   || -5875.439214  | 0.0    | -5875.439214 
  2.00  |   20.00   |   200.00   || -5875.142831  | 0.0    | -5875.142831 
  2.00  |   20.00   |   220.00   || -5876.456909  | 0.0    | -5876.456909 
  2.00  |   20.00   |   240.00   || -5876.365876  | 0.0    | -5876.365876 
  2.00  |   20.00   |   260.00   || -5876.455137  | 0.0    | -5876.455137 
  2.00  |   20.00   |   280.00   || -5875.365697  | 0.0    | -5875.365697 
  2.00  |   20.00   |   300.00   || -5876.04415  | 0.0    | -5876.04415 
  2.00  |   20.00   |   320.00   || -5877.665324  | 0.0    | -5877.665324 
  2.00  |   20.00   |   340.00   || -5876.034005  | 0.0    | -5876.034005 
  2.00  |   24.00   |   0.00   || -5875.422289  | 0.0    | -5875.422289 
  2.00  |   24.00   |   20.00   || -5875.98785  | 0.0    | -5875.98785 
  2.00  |   24.00   |   40.00   || -5877.979401  | 0.0    | -5877.979401 
  2.00  |   24.00   |   60.00   || -5877.140488  | 0.0    | -5877.140488 
  2.00  |   24.00   |   80.00   || -5876.356737  | 0.0    | -5876.356737 
  2.00  |   24.00   |   100.00   || -5874.738772  | 0.0    | -5874.738772 
  2.00  |   24.00   |   120.00   || -5875.633518  | 0.0    | -5875.633518 
  2.00  |   24.00   |   140.00   || -5876.119579  | 0.0    | -5876.119579 
  2.00  |   24.00   |   160.00   || -5874.378472  | 0.0    | -5874.378472 
  2.00  |   24.00   |   180.00   || -5875.339544  | 0.0    | -5875.339544 
  2.00  |   24.00   |   200.00   || -5875.187404  | 0.0    | -5875.187404 
  2.00  |   24.00   |   220.00   || -5875.897661  | 0.0    | -5875.897661 
  2.00  |   24.00   |   240.00   || -5876.861719  | 0.0    | -5876.861719 
  2.00  |   24.00   |   260.00   || -5876.904659  | 0.0    | -5876.904659 
  2.00  |   24.00   |   280.00   || -5875.66161  | 0.0    | -5875.66161 
  2.00  |   24.00   |   300.00   || -5875.584544  | 0.0    | -5875.584544 
  2.00  |   24.00   |   320.00   || -5878.040052  | 0.0    | -5878.040052 
  2.00  |   24.00   |   340.00   || -5876.933188  | 0.0    | -5876.933188 
  2.00  |   28.00   |   0.00   || -5875.702016  | 0.0    | -5875.702016 
  2.00  |   28.00   |   20.00   || -5876.452767  | 0.0    | -5876.452767 
  2.00  |   28.00   |   40.00   || -5878.305692  | 0.0    | -5878.305692 
  2.00  |   28.00   |   60.00   || -5877.218107  | 0.0    | -5877.218107 
  2.00  |   28.00   |   80.00   || -5876.628196  | 0.0    | -5876.628196 
  2.00  |   28.00   |   100.00   || -5874.905001  | 0.0    | -5874.905001 
  2.00  |   28.00   |   120.00   || -5875.772944  | 0.0    | -5875.772944 
  2.00  |   28.00   |   140.00   || -5876.913383  | 0.0    | -5876.913383 
  2.00  |   28.00   |   160.00   || -5874.859796  | 0.0    | -5874.859796 
  2.00  |   28.00   |   180.00   || -5875.251856  | 0.0    | -5875.251856 
  2.00  |   28.00   |   200.00   || -5875.570342  | 0.0    | -5875.570342 
  2.00  |   28.00   |   220.00   || -5876.798184  | 0.0    | -5876.798184 
  2.00  |   28.00   |   240.00   || -5877.242712  | 0.0    | -5877.242712 
  2.00  |   28.00   |   260.00   || -5877.453148  | 0.0    | -5877.453148 
  2.00  |   28.00   |   280.00   || -5875.775706  | 0.0    | -5875.775706 
  2.00  |   28.00   |   300.00   || -5876.725377  | 0.0    | -5876.725377 
  2.00  |   28.00   |   320.00   || -5877.701478  | 0.0    | -5877.701478 
  2.00  |   28.00   |   340.00   || -5877.38776  | 0.0    | -5877.38776 
  2.00  |   32.00   |   0.00   || -5875.65707  | 0.0    | -5875.65707 
  2.00  |   32.00   |   20.00   || -5876.190654  | 0.0    | -5876.190654 
  2.00  |   32.00   |   40.00   || -5879.315843  | 0.0    | -5879.315843 
  2.00  |   32.00   |   60.00   || -5876.90201  | 0.0    | -5876.90201 
  2.00  |   32.00   |   80.00   || -5876.430078  | 0.0    | -5876.430078 
  2.00  |   32.00   |   100.00   || -5874.876704  | 0.0    | -5874.876704 
  2.00  |   32.00   |   120.00   || -5876.21024  | 0.0    | -5876.21024 
  2.00  |   32.00   |   140.00   || -5877.321558  | 0.0    | -5877.321558 
  2.00  |   32.00   |   160.00   || -5874.702461  | 0.0    | -5874.702461 
  2.00  |   32.00   |   180.00   || -5875.739453  | 0.0    | -5875.739453 
  2.00  |   32.00   |   200.00   || -5875.943699  | 0.0    | -5875.943699 
  2.00  |   32.00   |   220.00   || -5877.761156  | 0.0    | -5877.761156 
  2.00  |   32.00   |   240.00   || -5876.58439  | 0.0    | -5876.58439 
  2.00  |   32.00   |   260.00   || -5877.440168  | 0.0    | -5877.440168 
  2.00  |   32.00   |   280.00   || -5876.120804  | 0.0    | -5876.120804 
  2.00  |   32.00   |   300.00   || -5877.963285  | 0.0    | -5877.963285 
  2.00  |   32.00   |   320.00   || -5877.056077  | 0.0    | -5877.056077 
  2.00  |   32.00   |   340.00   || -5877.444575  | 0.0    | -5877.444575 
  2.00  |   36.00   |   0.00   || -5876.14842  | 0.0    | -5876.14842 
  2.00  |   36.00   |   20.00   || -5876.559425  | 0.0    | -5876.559425 
  2.00  |   36.00   |   40.00   || -5877.841075  | 0.0    | -5877.841075 
  2.00  |   36.00   |   60.00   || -5877.794106  | 0.0    | -5877.794106 
  2.00  |   36.00   |   80.00   || -5875.6729  | 0.0    | -5875.6729 
  2.00  |   36.00   |   100.00   || -5875.455436  | 0.0    | -5875.455436 
  2.00  |   36.00   |   120.00   || -5877.269813  | 0.0    | -5877.269813 
  2.00  |   36.00   |   140.00   || -5876.464355  | 0.0    | -5876.464355 
  2.00  |   36.00   |   160.00   || -5876.738609  | 0.0    | -5876.738609 
  2.00  |   36.00   |   180.00   || -5875.539877  | 0.0    | -5875.539877 
  2.00  |   36.00   |   200.00   || -5876.317843  | 0.0    | -5876.317843 
  2.00  |   36.00   |   220.00   || -5878.169724  | 0.0    | -5878.169724 
  2.00  |   36.00   |   240.00   || -5876.912657  | 0.0    | -5876.912657 
  2.00  |   36.00   |   260.00   || -5877.378647  | 0.0    | -5877.378647 
  2.00  |   36.00   |   280.00   || -5877.056917  | 0.0    | -5877.056917 
  2.00  |   36.00   |   300.00   || -5879.038406  | 0.0    | -5879.038406 
  2.00  |   36.00   |   320.00   || -5876.548994  | 0.0    | -5876.548994 
  2.00  |   36.00   |   340.00   || -5875.960008  | 0.0    | -5875.960008 
  2.00  |   40.00   |   0.00   || -5875.753318  | 0.0    | -5875.753318 
  2.00  |   40.00   |   20.00   || -5877.412468  | 0.0    | -5877.412468 
  2.00  |   40.00   |   40.00   || -5878.109205  | 0.0    | -5878.109205 
  2.00  |   40.00   |   60.00   || -5877.499278  | 0.0    | -5877.499278 
  2.00  |   40.00   |   80.00   || -5875.894271  | 0.0    | -5875.894271 
  2.00  |   40.00   |   100.00   || -5875.973009  | 0.0    | -5875.973009 
  2.00  |   40.00   |   120.00   || -5877.149843  | 0.0    | -5877.149843 
  2.00  |   40.00   |   140.00   || -5876.038883  | 0.0    | -5876.038883 
  2.00  |   40.00   |   160.00   || -5876.103246  | 0.0    | -5876.103246 
  2.00  |   40.00   |   180.00   || -5876.246973  | 0.0    | -5876.246973 
  2.00  |   40.00   |   200.00   || -5877.184706  | 0.0    | -5877.184706 
  2.00  |   40.00   |   220.00   || -5877.36954  | 0.0    | -5877.36954 
  2.00  |   40.00   |   240.00   || -5877.361823  | 0.0    | -5877.361823 
  2.00  |   40.00   |   260.00   || -5877.396496  | 0.0    | -5877.396496 
  2.00  |   40.00   |   280.00   || -5876.953724  | 0.0    | -5876.953724 
  2.00  |   40.00   |   300.00   || -5879.106979  | 0.0    | -5879.106979 
  2.00  |   40.00   |   320.00   || -5876.534699  | 0.0    | -5876.534699 
  2.00  |   40.00   |   340.00   || -5876.118336  | 0.0    | -5876.118336 
  2.00  |   44.00   |   0.00   || -5876.490753  | 0.0    | -5876.490753 
  2.00  |   44.00   |   20.00   || -5878.046172  | 0.0    | -5878.046172 
  2.00  |   44.00   |   40.00   || -5877.549765  | 0.0    | -5877.549765 
  2.00  |   44.00   |   60.00   || -5876.747092  | 0.0    | -5876.747092 
  2.00  |   44.00   |   80.00   || -5876.446665  | 0.0    | -5876.446665 
  2.00  |   44.00   |   100.00   || -5876.700437  | 0.0    | -5876.700437 
  2.00  |   44.00   |   120.00   || -5878.032378  | 0.0    | -5878.032378 
  2.00  |   44.00   |   140.00   || -5876.342738  | 0.0    | -5876.342738 
  2.00  |   44.00   |   160.00   || -5876.018184  | 0.0    | -5876.018184 
  2.00  |   44.00   |   180.00   || -5876.252826  | 0.0    | -5876.252826 
  2.00  |   44.00   |   200.00   || -5877.3209  | 0.0    | -5877.3209 
  2.00  |   44.00   |   220.00   || -5877.357297  | 0.0    | -5877.357297 
  2.00  |   44.00   |   240.00   || -5876.697882  | 0.0    | -5876.697882 
  2.00  |   44.00   |   260.00   || -5876.750756  | 0.0    | -5876.750756 
  2.00  |   44.00   |   280.00   || -5876.565889  | 0.0    | -5876.565889 
  2.00  |   44.00   |   300.00   || -5878.523015  | 0.0    | -5878.523015 
  2.00  |   44.00   |   320.00   || -5876.400586  | 0.0    | -5876.400586 
  2.00  |   44.00   |   340.00   || -5875.401994  | 0.0    | -5875.401994 
  2.00  |   48.00   |   0.00   || -5876.529131  | 0.0    | -5876.529131 
  2.00  |   48.00   |   20.00   || -5876.853544  | 0.0    | -5876.853544 
  2.00  |   48.00   |   40.00   || -5876.747491  | 0.0    | -5876.747491 
  2.00  |   48.00   |   60.00   || -5877.376375  | 0.0    | -5877.376375 
  2.00  |   48.00   |   80.00   || -5876.915829  | 0.0    | -5876.915829 
  2.00  |   48.00   |   100.00   || -5876.779483  | 0.0    | -5876.779483 
  2.00  |   48.00   |   120.00   || -5878.547925  | 0.0    | -5878.547925 
  2.00  |   48.00   |   140.00   || -5876.772426  | 0.0    | -5876.772426 
  2.00  |   48.00   |   160.00   || -5875.751595  | 0.0    | -5875.751595 
  2.00  |   48.00   |   180.00   || -5876.041652  | 0.0    | -5876.041652 
  2.00  |   48.00   |   200.00   || -5878.136311  | 0.0    | -5878.136311 
  2.00  |   48.00   |   220.00   || -5877.444505  | 0.0    | -5877.444505 
  2.00  |   48.00   |   240.00   || -5876.981965  | 0.0    | -5876.981965 
  2.00  |   48.00   |   260.00   || -5876.100016  | 0.0    | -5876.100016 
  2.00  |   48.00   |   280.00   || -5876.094319  | 0.0    | -5876.094319 
  2.00  |   48.00   |   300.00   || -5877.43246  | 0.0    | -5877.43246 
  2.00  |   48.00   |   320.00   || -5875.976337  | 0.0    | -5875.976337 
  2.00  |   48.00   |   340.00   || -5876.357517  | 0.0    | -5876.357517 
  2.00  |   52.00   |   0.00   || -5875.579427  | 0.0    | -5875.579427 
  2.00  |   52.00   |   20.00   || -5876.47685  | 0.0    | -5876.47685 
  2.00  |   52.00   |   40.00   || -5878.001266  | 0.0    | -5878.001266 
  2.00  |   52.00   |   60.00   || -5877.729793  | 0.0    | -5877.729793 
  2.00  |   52.00   |   80.00   || -5877.648651  | 0.0    | -5877.648651 
  2.00  |   52.00   |   100.00   || -5876.886482  | 0.0    | -5876.886482 
  2.00  |   52.00   |   120.00   || -5879.268818  | 0.0    | -5879.268818 
  2.00  |   52.00   |   140.00   || -5876.378338  | 0.0    | -5876.378338 
  2.00  |   52.00   |   160.00   || -5875.99729  | 0.0    | -5875.99729 
  2.00  |   52.00   |   180.00   || -5876.105478  | 0.0    | -5876.105478 
  2.00  |   52.00   |   200.00   || -5877.284422  | 0.0    | -5877.284422 
  2.00  |   52.00   |   220.00   || -5877.832225  | 0.0    | -5877.832225 
  2.00  |   52.00   |   240.00   || -5878.229454  | 0.0    | -5878.229454 
  2.00  |   52.00   |   260.00   || -5875.607416  | 0.0    | -5875.607416 
  2.00  |   52.00   |   280.00   || -5875.991215  | 0.0    | -5875.991215 
  2.00  |   52.00   |   300.00   || -5877.352357  | 0.0    | -5877.352357 
  2.00  |   52.00   |   320.00   || -5876.67953  | 0.0    | -5876.67953 
  2.00  |   52.00   |   340.00   || -5876.56021  | 0.0    | -5876.56021 
  2.00  |   56.00   |   0.00   || -5875.458581  | 0.0    | -5875.458581 
  2.00  |   56.00   |   20.00   || -5876.187254  | 0.0    | -5876.187254 
  2.00  |   56.00   |   40.00   || -5877.751369  | 0.0    | -5877.751369 
  2.00  |   56.00   |   60.00   || -5876.300419  | 0.0    | -5876.300419 
  2.00  |   56.00   |   80.00   || -5877.332355  | 0.0    | -5877.332355 
  2.00  |   56.00   |   100.00   || -5876.641554  | 0.0    | -5876.641554 
  2.00  |   56.00   |   120.00   || -5878.813509  | 0.0    | -5878.813509 
  2.00  |   56.00   |   140.00   || -5876.952727  | 0.0    | -5876.952727 
  2.00  |   56.00   |   160.00   || -5876.929679  | 0.0    | -5876.929679 
  2.00  |   56.00   |   180.00   || -5875.13987  | 0.0    | -5875.13987 
  2.00  |   56.00   |   200.00   || -5876.496832  | 0.0    | -5876.496832 
  2.00  |   56.00   |   220.00   || -5877.927969  | 0.0    | -5877.927969 
  2.00  |   56.00   |   240.00   || -5877.025734  | 0.0    | -5877.025734 
  2.00  |   56.00   |   260.00   || -5876.418293  | 0.0    | -5876.418293 
  2.00  |   56.00   |   280.00   || -5875.227055  | 0.0    | -5875.227055 
  2.00  |   56.00   |   300.00   || -5876.519094  | 0.0    | -5876.519094 
  2.00  |   56.00   |   320.00   || -5876.15631  | 0.0    | -5876.15631 
  2.00  |   56.00   |   340.00   || -5875.554549  | 0.0    | -5875.554549 
  2.00  |   60.00   |   0.00   || -5875.778908  | 0.0    | -5875.778908 
  2.00  |   60.00   |   20.00   || -5876.16997  | 0.0    | -5876.16997 
  2.00  |   60.00   |   40.00   || -5877.174133  | 0.0    | -5877.174133 
  2.00  |   60.00   |   60.00   || -5876.973555  | 0.0    | -5876.973555 
  2.00  |   60.00   |   80.00   || -5877.392398  | 0.0    | -5877.392398 
  2.00  |   60.00   |   100.00   || -5875.822255  | 0.0    | -5875.822255 
  2.00  |   60.00   |   120.00   || -5877.140834  | 0.0    | -5877.140834 
  2.00  |   60.00   |   140.00   || -5877.876335  | 0.0    | -5877.876335 
  2.00  |   60.00   |   160.00   || -5877.958414  | 0.0    | -5877.958414 
  2.00  |   60.00   |   180.00   || -5875.64802  | 0.0    | -5875.64802 
  2.00  |   60.00   |   200.00   || -5876.48434  | 0.0    | -5876.48434 
  2.00  |   60.00   |   220.00   || -5878.927481  | 0.0    | -5878.927481 
  2.00  |   60.00   |   240.00   || -5876.86282  | 0.0    | -5876.86282 
  2.00  |   60.00   |   260.00   || -5876.842479  | 0.0    | -5876.842479 
  2.00  |   60.00   |   280.00   || -5875.120679  | 0.0    | -5875.120679 
  2.00  |   60.00   |   300.00   || -5875.950229  | 0.0    | -5875.950229 
  2.00  |   60.00   |   320.00   || -5877.44147  | 0.0    | -5877.44147 
  2.00  |   60.00   |   340.00   || -5874.865958  | 0.0    | -5874.865958 
  2.00  |   64.00   |   0.00   || -5875.735981  | 0.0    | -5875.735981 
  2.00  |   64.00   |   20.00   || -5875.733623  | 0.0    | -5875.733623 
  2.00  |   64.00   |   40.00   || -5876.36632  | 0.0    | -5876.36632 
  2.00  |   64.00   |   60.00   || -5877.179911  | 0.0    | -5877.179911 
  2.00  |   64.00   |   80.00   || -5877.095185  | 0.0    | -5877.095185 
  2.00  |   64.00   |   100.00   || -5875.592723  | 0.0    | -5875.592723 
  2.00  |   64.00   |   120.00   || -5876.139333  | 0.0    | -5876.139333 
  2.00  |   64.00   |   140.00   || -5878.123285  | 0.0    | -5878.123285 
  2.00  |   64.00   |   160.00   || -5876.97748  | 0.0    | -5876.97748 
  2.00  |   64.00   |   180.00   || -5875.565127  | 0.0    | -5875.565127 
  2.00  |   64.00   |   200.00   || -5876.103125  | 0.0    | -5876.103125 
  2.00  |   64.00   |   220.00   || -5878.179054  | 0.0    | -5878.179054 
  2.00  |   64.00   |   240.00   || -5877.041544  | 0.0    | -5877.041544 
  2.00  |   64.00   |   260.00   || -5876.509131  | 0.0    | -5876.509131 
  2.00  |   64.00   |   280.00   || -5874.681193  | 0.0    | -5874.681193 
  2.00  |   64.00   |   300.00   || -5875.794731  | 0.0    | -5875.794731 
  2.00  |   64.00   |   320.00   || -5876.491849  | 0.0    | -5876.491849 
  2.00  |   64.00   |   340.00   || -5874.890335  | 0.0    | -5874.890335 
  2.00  |   68.00   |   0.00   || -5875.356619  | 0.0    | -5875.356619 
  2.00  |   68.00   |   20.00   || -5875.538456  | 0.0    | -5875.538456 
  2.00  |   68.00   |   40.00   || -5876.697941  | 0.0    | -5876.697941 
  2.00  |   68.00   |   60.00   || -5876.893448  | 0.0    | -5876.893448 
  2.00  |   68.00   |   80.00   || -5876.678114  | 0.0    | -5876.678114 
  2.00  |   68.00   |   100.00   || -5875.515841  | 0.0    | -5875.515841 
  2.00  |   68.00   |   120.00   || -5875.557522  | 0.0    | -5875.557522 
  2.00  |   68.00   |   140.00   || -5877.772482  | 0.0    | -5877.772482 
  2.00  |   68.00   |   160.00   || -5876.479105  | 0.0    | -5876.479105 
  2.00  |   68.00   |   180.00   || -5875.16329  | 0.0    | -5875.16329 
  2.00  |   68.00   |   200.00   || -5875.909486  | 0.0    | -5875.909486 
  2.00  |   68.00   |   220.00   || -5876.859271  | 0.0    | -5876.859271 
  2.00  |   68.00   |   240.00   || -5877.710769  | 0.0    | -5877.710769 
  2.00  |   68.00   |   260.00   || -5876.334395  | 0.0    | -5876.334395 
  2.00  |   68.00   |   280.00   || -5874.729899  | 0.0    | -5874.729899 
  2.00  |   68.00   |   300.00   || -5875.712656  | 0.0    | -5875.712656 
  2.00  |   68.00   |   320.00   || -5875.292638  | 0.0    | -5875.292638 
  2.00  |   68.00   |   340.00   || -5874.886074  | 0.0    | -5874.886074 
  2.00  |   72.00   |   0.00   || -5875.049371  | 0.0    | -5875.049371 
  2.00  |   72.00   |   20.00   || -5875.209833  | 0.0    | -5875.209833 
  2.00  |   72.00   |   40.00   || -5875.838276  | 0.0    | -5875.838276 
  2.00  |   72.00   |   60.00   || -5876.662631  | 0.0    | -5876.662631 
  2.00  |   72.00   |   80.00   || -5876.58144  | 0.0    | -5876.58144 
  2.00  |   72.00   |   100.00   || -5875.258256  | 0.0    | -5875.258256 
  2.00  |   72.00   |   120.00   || -5876.357947  | 0.0    | -5876.357947 
  2.00  |   72.00   |   140.00   || -5877.262029  | 0.0    | -5877.262029 
  2.00  |   72.00   |   160.00   || -5875.754707  | 0.0    | -5875.754707 
  2.00  |   72.00   |   180.00   || -5874.917663  | 0.0    | -5874.917663 
  2.00  |   72.00   |   200.00   || -5875.056298  | 0.0    | -5875.056298 
  2.00  |   72.00   |   220.00   || -5877.295847  | 0.0    | -5877.295847 
  2.00  |   72.00   |   240.00   || -5876.929943  | 0.0    | -5876.929943 
  2.00  |   72.00   |   260.00   || -5875.920682  | 0.0    | -5875.920682 
  2.00  |   72.00   |   280.00   || -5874.475848  | 0.0    | -5874.475848 
  2.00  |   72.00   |   300.00   || -5875.038382  | 0.0    | -5875.038382 
  2.00  |   72.00   |   320.00   || -5875.280954  | 0.0    | -5875.280954 
  2.00  |   72.00   |   340.00   || -5875.318375  | 0.0    | -5875.318375 
  2.00  |   76.00   |   0.00   || -5875.363161  | 0.0    | -5875.363161 
  2.00  |   76.00   |   20.00   || -5875.028413  | 0.0    | -5875.028413 
  2.00  |   76.00   |   40.00   || -5875.310284  | 0.0    | -5875.310284 
  2.00  |   76.00   |   60.00   || -5875.933603  | 0.0    | -5875.933603 
  2.00  |   76.00   |   80.00   || -5876.517326  | 0.0    | -5876.517326 
  2.00  |   76.00   |   100.00   || -5874.827681  | 0.0    | -5874.827681 
  2.00  |   76.00   |   120.00   || -5875.996219  | 0.0    | -5875.996219 
  2.00  |   76.00   |   140.00   || -5876.584922  | 0.0    | -5876.584922 
  2.00  |   76.00   |   160.00   || -5876.436457  | 0.0    | -5876.436457 
  2.00  |   76.00   |   180.00   || -5874.679516  | 0.0    | -5874.679516 
  2.00  |   76.00   |   200.00   || -5874.135929  | 0.0    | -5874.135929 
  2.00  |   76.00   |   220.00   || -5876.868713  | 0.0    | -5876.868713 
  2.00  |   76.00   |   240.00   || -5876.547953  | 0.0    | -5876.547953 
  2.00  |   76.00   |   260.00   || -5875.561352  | 0.0    | -5875.561352 
  2.00  |   76.00   |   280.00   || -5874.674381  | 0.0    | -5874.674381 
  2.00  |   76.00   |   300.00   || -5874.785721  | 0.0    | -5874.785721 
  2.00  |   76.00   |   320.00   || -5875.605604  | 0.0    | -5875.605604 
  2.00  |   76.00   |   340.00   || -5875.335715  | 0.0    | -5875.335715 
  2.00  |   80.00   |   0.00   || -5874.701181  | 0.0    | -5874.701181 
  2.00  |   80.00   |   20.00   || -5875.373449  | 0.0    | -5875.373449 
  2.00  |   80.00   |   40.00   || -5875.636029  | 0.0    | -5875.636029 
  2.00  |   80.00   |   60.00   || -5874.845013  | 0.0    | -5874.845013 
  2.00  |   80.00   |   80.00   || -5876.143266  | 0.0    | -5876.143266 
  2.00  |   80.00   |   100.00   || -5874.971713  | 0.0    | -5874.971713 
  2.00  |   80.00   |   120.00   || -5875.888463  | 0.0    | -5875.888463 
  2.00  |   80.00   |   140.00   || -5876.480675  | 0.0    | -5876.480675 
  2.00  |   80.00   |   160.00   || -5876.414991  | 0.0    | -5876.414991 
  2.00  |   80.00   |   180.00   || -5874.637868  | 0.0    | -5874.637868 
  2.00  |   80.00   |   200.00   || -5874.833839  | 0.0    | -5874.833839 
  2.00  |   80.00   |   220.00   || -5875.898144  | 0.0    | -5875.898144 
  2.00  |   80.00   |   240.00   || -5876.085097  | 0.0    | -5876.085097 
  2.00  |   80.00   |   260.00   || -5875.469899  | 0.0    | -5875.469899 
  2.00  |   80.00   |   280.00   || -5874.050992  | 0.0    | -5874.050992 
  2.00  |   80.00   |   300.00   || -5875.482194  | 0.0    | -5875.482194 
  2.00  |   80.00   |   320.00   || -5873.736766  | 0.0    | -5873.736766 
  2.00  |   80.00   |   340.00   || -5874.929922  | 0.0    | -5874.929922 
  2.00  |   84.00   |   0.00   || -5875.582342  | 0.0    | -5875.582342 
  2.00  |   84.00   |   20.00   || -5875.583285  | 0.0    | -5875.583285 
  2.00  |   84.00   |   40.00   || -5872.697456  | 0.0    | -5872.697456 
  2.00  |   84.00   |   60.00   || -5874.727493  | 0.0    | -5874.727493 
  2.00  |   84.00   |   80.00   || -5876.039594  | 0.0    | -5876.039594 
  2.00  |   84.00   |   100.00   || -5874.716589  | 0.0    | -5874.716589 
  2.00  |   84.00   |   120.00   || -5875.834631  | 0.0    | -5875.834631 
  2.00  |   84.00   |   140.00   || -5875.723362  | 0.0    | -5875.723362 
  2.00  |   84.00   |   160.00   || -5876.283977  | 0.0    | -5876.283977 
  2.00  |   84.00   |   180.00   || -5874.71091  | 0.0    | -5874.71091 
  2.00  |   84.00   |   200.00   || -5874.974506  | 0.0    | -5874.974506 
  2.00  |   84.00   |   220.00   || -5874.903963  | 0.0    | -5874.903963 
  2.00  |   84.00   |   240.00   || -5875.364428  | 0.0    | -5875.364428 
  2.00  |   84.00   |   260.00   || -5875.760819  | 0.0    | -5875.760819 
  2.00  |   84.00   |   280.00   || -5873.776479  | 0.0    | -5873.776479 
  2.00  |   84.00   |   300.00   || -5874.506016  | 0.0    | -5874.506016 
  2.00  |   84.00   |   320.00   || -5873.15821  | 0.0    | -5873.15821 
  2.00  |   84.00   |   340.00   || -5875.221971  | 0.0    | -5875.221971 
  2.00  |   88.00   |   0.00   || -5874.826824  | 0.0    | -5874.826824 
  2.00  |   88.00   |   20.00   || -5875.477213  | 0.0    | -5875.477213 
  2.00  |   88.00   |   40.00   || -5873.085952  | 0.0    | -5873.085952 
  2.00  |   88.00   |   60.00   || -5874.922861  | 0.0    | -5874.922861 
  2.00  |   88.00   |   80.00   || -5875.638259  | 0.0    | -5875.638259 
  2.00  |   88.00   |   100.00   || -5874.555987  | 0.0    | -5874.555987 
  2.00  |   88.00   |   120.00   || -5876.0593  | 0.0    | -5876.0593 
  2.00  |   88.00   |   140.00   || -5875.288091  | 0.0    | -5875.288091 
  2.00  |   88.00   |   160.00   || -5876.107421  | 0.0    | -5876.107421 
  2.00  |   88.00   |   180.00   || -5874.755367  | 0.0    | -5874.755367 
  2.00  |   88.00   |   200.00   || -5874.972859  | 0.0    | -5874.972859 
  2.00  |   88.00   |   220.00   || -5874.78523  | 0.0    | -5874.78523 
  2.00  |   88.00   |   240.00   || -5874.826535  | 0.0    | -5874.826535 
  2.00  |   88.00   |   260.00   || -5875.550253  | 0.0    | -5875.550253 
  2.00  |   88.00   |   280.00   || -5874.170563  | 0.0    | -5874.170563 
  2.00  |   88.00   |   300.00   || -5874.437642  | 0.0    | -5874.437642 
  2.00  |   88.00   |   320.00   || -5873.701639  | 0.0    | -5873.701639 
  2.00  |   88.00   |   340.00   || -5875.577  | 0.0    | -5875.577 
  2.00  |   92.00   |   0.00   || -5874.795888  | 0.0    | -5874.795888 
  2.00  |   92.00   |   20.00   || -5875.008953  | 0.0    | -5875.008953 
  2.00  |   92.00   |   40.00   || -5874.735551  | 0.0    | -5874.735551 
  2.00  |   92.00   |   60.00   || -5874.778656  | 0.0    | -5874.778656 
  2.00  |   92.00   |   80.00   || -5875.532909  | 0.0    | -5875.532909 
  2.00  |   92.00   |   100.00   || -5874.172052  | 0.0    | -5874.172052 
  2.00  |   92.00   |   120.00   || -5874.532959  | 0.0    | -5874.532959 
  2.00  |   92.00   |   140.00   || -5873.713106  | 0.0    | -5873.713106 
  2.00  |   92.00   |   160.00   || -5875.584221  | 0.0    | -5875.584221 
  2.00  |   92.00   |   180.00   || -5874.885657  | 0.0    | -5874.885657 
  2.00  |   92.00   |   200.00   || -5875.50645  | 0.0    | -5875.50645 
  2.00  |   92.00   |   220.00   || -5873.086536  | 0.0    | -5873.086536 
  2.00  |   92.00   |   240.00   || -5875.01919  | 0.0    | -5875.01919 
  2.00  |   92.00   |   260.00   || -5875.572041  | 0.0    | -5875.572041 
  2.00  |   92.00   |   280.00   || -5874.58153  | 0.0    | -5874.58153 
  2.00  |   92.00   |   300.00   || -5876.053253  | 0.0    | -5876.053253 
  2.00  |   92.00   |   320.00   || -5875.300132  | 0.0    | -5875.300132 
  2.00  |   92.00   |   340.00   || -5876.131446  | 0.0    | -5876.131446 
  2.00  |   96.00   |   0.00   || -5874.807533  | 0.0    | -5874.807533 
  2.00  |   96.00   |   20.00   || -5874.9928  | 0.0    | -5874.9928 
  2.00  |   96.00   |   40.00   || -5874.86422  | 0.0    | -5874.86422 
  2.00  |   96.00   |   60.00   || -5875.386407  | 0.0    | -5875.386407 
  2.00  |   96.00   |   80.00   || -5875.76407  | 0.0    | -5875.76407 
  2.00  |   96.00   |   100.00   || -5873.756721  | 0.0    | -5873.756721 
  2.00  |   96.00   |   120.00   || -5874.456465  | 0.0    | -5874.456465 
  2.00  |   96.00   |   140.00   || -5873.075256  | 0.0    | -5873.075256 
  2.00  |   96.00   |   160.00   || -5875.046318  | 0.0    | -5875.046318 
  2.00  |   96.00   |   180.00   || -5875.537329  | 0.0    | -5875.537329 
  2.00  |   96.00   |   200.00   || -5875.620199  | 0.0    | -5875.620199 
  2.00  |   96.00   |   220.00   || -5872.694282  | 0.0    | -5872.694282 
  2.00  |   96.00   |   240.00   || -5874.685358  | 0.0    | -5874.685358 
  2.00  |   96.00   |   260.00   || -5876.029984  | 0.0    | -5876.029984 
  2.00  |   96.00   |   280.00   || -5874.731482  | 0.0    | -5874.731482 
  2.00  |   96.00   |   300.00   || -5875.877084  | 0.0    | -5875.877084 
  2.00  |   96.00   |   320.00   || -5875.657634  | 0.0    | -5875.657634 
  2.00  |   96.00   |   340.00   || -5876.218488  | 0.0    | -5876.218488 
  2.00  |   100.00   |   0.00   || -5874.736149  | 0.0    | -5874.736149 
  2.00  |   100.00   |   20.00   || -5874.809372  | 0.0    | -5874.809372 
  2.00  |   100.00   |   40.00   || -5875.916249  | 0.0    | -5875.916249 
  2.00  |   100.00   |   60.00   || -5876.053028  | 0.0    | -5876.053028 
  2.00  |   100.00   |   80.00   || -5875.515665  | 0.0    | -5875.515665 
  2.00  |   100.00   |   100.00   || -5874.007132  | 0.0    | -5874.007132 
  2.00  |   100.00   |   120.00   || -5875.471796  | 0.0    | -5875.471796 
  2.00  |   100.00   |   140.00   || -5873.73858  | 0.0    | -5873.73858 
  2.00  |   100.00   |   160.00   || -5874.945608  | 0.0    | -5874.945608 
  2.00  |   100.00   |   180.00   || -5874.751267  | 0.0    | -5874.751267 
  2.00  |   100.00   |   200.00   || -5875.351502  | 0.0    | -5875.351502 
  2.00  |   100.00   |   220.00   || -5875.559533  | 0.0    | -5875.559533 
  2.00  |   100.00   |   240.00   || -5874.833857  | 0.0    | -5874.833857 
  2.00  |   100.00   |   260.00   || -5876.127035  | 0.0    | -5876.127035 
  2.00  |   100.00   |   280.00   || -5874.955461  | 0.0    | -5874.955461 
  2.00  |   100.00   |   300.00   || -5875.778174  | 0.0    | -5875.778174 
  2.00  |   100.00   |   320.00   || -5876.433833  | 0.0    | -5876.433833 
  2.00  |   100.00   |   340.00   || -5876.399206  | 0.0    | -5876.399206 
  2.00  |   104.00   |   0.00   || -5874.705163  | 0.0    | -5874.705163 
  2.00  |   104.00   |   20.00   || -5874.133526  | 0.0    | -5874.133526 
  2.00  |   104.00   |   40.00   || -5876.728984  | 0.0    | -5876.728984 
  2.00  |   104.00   |   60.00   || -5876.638385  | 0.0    | -5876.638385 
  2.00  |   104.00   |   80.00   || -5875.57037  | 0.0    | -5875.57037 
  2.00  |   104.00   |   100.00   || -5874.646596  | 0.0    | -5874.646596 
  2.00  |   104.00   |   120.00   || -5874.795452  | 0.0    | -5874.795452 
  2.00  |   104.00   |   140.00   || -5875.658446  | 0.0    | -5875.658446 
  2.00  |   104.00   |   160.00   || -5875.230463  | 0.0    | -5875.230463 
  2.00  |   104.00   |   180.00   || -5875.403307  | 0.0    | -5875.403307 
  2.00  |   104.00   |   200.00   || -5874.938739  | 0.0    | -5874.938739 
  2.00  |   104.00   |   220.00   || -5875.278467  | 0.0    | -5875.278467 
  2.00  |   104.00   |   240.00   || -5876.006532  | 0.0    | -5876.006532 
  2.00  |   104.00   |   260.00   || -5876.562412  | 0.0    | -5876.562412 
  2.00  |   104.00   |   280.00   || -5874.775004  | 0.0    | -5874.775004 
  2.00  |   104.00   |   300.00   || -5876.024206  | 0.0    | -5876.024206 
  2.00  |   104.00   |   320.00   || -5876.580582  | 0.0    | -5876.580582 
  2.00  |   104.00   |   340.00   || -5876.388791  | 0.0    | -5876.388791 
  2.00  |   108.00   |   0.00   || -5874.90367  | 0.0    | -5874.90367 
  2.00  |   108.00   |   20.00   || -5875.100011  | 0.0    | -5875.100011 
  2.00  |   108.00   |   40.00   || -5877.285939  | 0.0    | -5877.285939 
  2.00  |   108.00   |   60.00   || -5876.894891  | 0.0    | -5876.894891 
  2.00  |   108.00   |   80.00   || -5875.877693  | 0.0    | -5875.877693 
  2.00  |   108.00   |   100.00   || -5874.459879  | 0.0    | -5874.459879 
  2.00  |   108.00   |   120.00   || -5874.944928  | 0.0    | -5874.944928 
  2.00  |   108.00   |   140.00   || -5875.323701  | 0.0    | -5875.323701 
  2.00  |   108.00   |   160.00   || -5875.154189  | 0.0    | -5875.154189 
  2.00  |   108.00   |   180.00   || -5875.07064  | 0.0    | -5875.07064 
  2.00  |   108.00   |   200.00   || -5875.202898  | 0.0    | -5875.202898 
  2.00  |   108.00   |   220.00   || -5875.887384  | 0.0    | -5875.887384 
  2.00  |   108.00   |   240.00   || -5876.68568  | 0.0    | -5876.68568 
  2.00  |   108.00   |   260.00   || -5876.569121  | 0.0    | -5876.569121 
  2.00  |   108.00   |   280.00   || -5875.279666  | 0.0    | -5875.279666 
  2.00  |   108.00   |   300.00   || -5876.302387  | 0.0    | -5876.302387 
  2.00  |   108.00   |   320.00   || -5877.322131  | 0.0    | -5877.322131 
  2.00  |   108.00   |   340.00   || -5875.865385  | 0.0    | -5875.865385 
  2.00  |   112.00   |   0.00   || -5875.135988  | 0.0    | -5875.135988 
  2.00  |   112.00   |   20.00   || -5875.992208  | 0.0    | -5875.992208 
  2.00  |   112.00   |   40.00   || -5876.947457  | 0.0    | -5876.947457 
  2.00  |   112.00   |   60.00   || -5877.646488  | 0.0    | -5877.646488 
  2.00  |   112.00   |   80.00   || -5876.295685  | 0.0    | -5876.295685 
  2.00  |   112.00   |   100.00   || -5874.67686  | 0.0    | -5874.67686 
  2.00  |   112.00   |   120.00   || -5875.726336  | 0.0    | -5875.726336 
  2.00  |   112.00   |   140.00   || -5875.288492  | 0.0    | -5875.288492 
  2.00  |   112.00   |   160.00   || -5874.838807  | 0.0    | -5874.838807 
  2.00  |   112.00   |   180.00   || -5875.140564  | 0.0    | -5875.140564 
  2.00  |   112.00   |   200.00   || -5875.558438  | 0.0    | -5875.558438 
  2.00  |   112.00   |   220.00   || -5876.730556  | 0.0    | -5876.730556 
  2.00  |   112.00   |   240.00   || -5876.93602  | 0.0    | -5876.93602 
  2.00  |   112.00   |   260.00   || -5876.646109  | 0.0    | -5876.646109 
  2.00  |   112.00   |   280.00   || -5875.517758  | 0.0    | -5875.517758 
  2.00  |   112.00   |   300.00   || -5875.601367  | 0.0    | -5875.601367 
  2.00  |   112.00   |   320.00   || -5877.712964  | 0.0    | -5877.712964 
  2.00  |   112.00   |   340.00   || -5876.4908  | 0.0    | -5876.4908 
  2.00  |   116.00   |   0.00   || -5875.573038  | 0.0    | -5875.573038 
  2.00  |   116.00   |   20.00   || -5876.215154  | 0.0    | -5876.215154 
  2.00  |   116.00   |   40.00   || -5878.324434  | 0.0    | -5878.324434 
  2.00  |   116.00   |   60.00   || -5877.043395  | 0.0    | -5877.043395 
  2.00  |   116.00   |   80.00   || -5876.520017  | 0.0    | -5876.520017 
  2.00  |   116.00   |   100.00   || -5874.564684  | 0.0    | -5874.564684 
  2.00  |   116.00   |   120.00   || -5875.859015  | 0.0    | -5875.859015 
  2.00  |   116.00   |   140.00   || -5876.427019  | 0.0    | -5876.427019 
  2.00  |   116.00   |   160.00   || -5874.854977  | 0.0    | -5874.854977 
  2.00  |   116.00   |   180.00   || -5875.739746  | 0.0    | -5875.739746 
  2.00  |   116.00   |   200.00   || -5875.753971  | 0.0    | -5875.753971 
  2.00  |   116.00   |   220.00   || -5876.406471  | 0.0    | -5876.406471 
  2.00  |   116.00   |   240.00   || -5877.164283  | 0.0    | -5877.164283 
  2.00  |   116.00   |   260.00   || -5877.132945  | 0.0    | -5877.132945 
  2.00  |   116.00   |   280.00   || -5875.602188  | 0.0    | -5875.602188 
  2.00  |   116.00   |   300.00   || -5876.215729  | 0.0    | -5876.215729 
  2.00  |   116.00   |   320.00   || -5878.116687  | 0.0    | -5878.116687 
  2.00  |   116.00   |   340.00   || -5876.991474  | 0.0    | -5876.991474 
  2.00  |   120.00   |   0.00   || -5875.735406  | 0.0    | -5875.735406 
  2.00  |   120.00   |   20.00   || -5876.470451  | 0.0    | -5876.470451 
  2.00  |   120.00   |   40.00   || -5879.013696  | 0.0    | -5879.013696 
  2.00  |   120.00   |   60.00   || -5876.824684  | 0.0    | -5876.824684 
  2.00  |   120.00   |   80.00   || -5876.774084  | 0.0    | -5876.774084 
  2.00  |   120.00   |   100.00   || -5875.132679  | 0.0    | -5875.132679 
  2.00  |   120.00   |   120.00   || -5876.003618  | 0.0    | -5876.003618 
  2.00  |   120.00   |   140.00   || -5877.399205  | 0.0    | -5877.399205 
  2.00  |   120.00   |   160.00   || -5874.81637  | 0.0    | -5874.81637 
  2.00  |   120.00   |   180.00   || -5875.745657  | 0.0    | -5875.745657 
  2.00  |   120.00   |   200.00   || -5876.134881  | 0.0    | -5876.134881 
  2.00  |   120.00   |   220.00   || -5877.149568  | 0.0    | -5877.149568 
  2.00  |   120.00   |   240.00   || -5876.953583  | 0.0    | -5876.953583 
  2.00  |   120.00   |   260.00   || -5877.377305  | 0.0    | -5877.377305 
  2.00  |   120.00   |   280.00   || -5875.854115  | 0.0    | -5875.854115 
  2.00  |   120.00   |   300.00   || -5877.17569  | 0.0    | -5877.17569 
  2.00  |   120.00   |   320.00   || -5877.881797  | 0.0    | -5877.881797 
  2.00  |   120.00   |   340.00   || -5877.972815  | 0.0    | -5877.972815 
  2.00  |   124.00   |   0.00   || -5875.156845  | 0.0    | -5875.156845 
  2.00  |   124.00   |   20.00   || -5876.515651  | 0.0    | -5876.515651 
  2.00  |   124.00   |   40.00   || -5877.949378  | 0.0    | -5877.949378 
  2.00  |   124.00   |   60.00   || -5876.995022  | 0.0    | -5876.995022 
  2.00  |   124.00   |   80.00   || -5876.518773  | 0.0    | -5876.518773 
  2.00  |   124.00   |   100.00   || -5875.346326  | 0.0    | -5875.346326 
  2.00  |   124.00   |   120.00   || -5876.624664  | 0.0    | -5876.624664 
  2.00  |   124.00   |   140.00   || -5876.123995  | 0.0    | -5876.123995 
  2.00  |   124.00   |   160.00   || -5875.522126  | 0.0    | -5875.522126 
  2.00  |   124.00   |   180.00   || -5875.398539  | 0.0    | -5875.398539 
  2.00  |   124.00   |   200.00   || -5876.217868  | 0.0    | -5876.217868 
  2.00  |   124.00   |   220.00   || -5877.796046  | 0.0    | -5877.796046 
  2.00  |   124.00   |   240.00   || -5876.30407  | 0.0    | -5876.30407 
  2.00  |   124.00   |   260.00   || -5877.326751  | 0.0    | -5877.326751 
  2.00  |   124.00   |   280.00   || -5876.652137  | 0.0    | -5876.652137 
  2.00  |   124.00   |   300.00   || -5878.674148  | 0.0    | -5878.674148 
  2.00  |   124.00   |   320.00   || -5876.981669  | 0.0    | -5876.981669 
  2.00  |   124.00   |   340.00   || -5876.895403  | 0.0    | -5876.895403 
  2.00  |   128.00   |   0.00   || -5876.175617  | 0.0    | -5876.175617 
  2.00  |   128.00   |   20.00   || -5877.225565  | 0.0    | -5877.225565 
  2.00  |   128.00   |   40.00   || -5877.843365  | 0.0    | -5877.843365 
  2.00  |   128.00   |   60.00   || -5878.187733  | 0.0    | -5878.187733 
  2.00  |   128.00   |   80.00   || -5875.611061  | 0.0    | -5875.611061 
  2.00  |   128.00   |   100.00   || -5876.09086  | 0.0    | -5876.09086 
  2.00  |   128.00   |   120.00   || -5877.407426  | 0.0    | -5877.407426 
  2.00  |   128.00   |   140.00   || -5876.588803  | 0.0    | -5876.588803 
  2.00  |   128.00   |   160.00   || -5876.531326  | 0.0    | -5876.531326 
  2.00  |   128.00   |   180.00   || -5875.665723  | 0.0    | -5875.665723 
  2.00  |   128.00   |   200.00   || -5876.568332  | 0.0    | -5876.568332 
  2.00  |   128.00   |   220.00   || -5877.981165  | 0.0    | -5877.981165 
  2.00  |   128.00   |   240.00   || -5877.69767  | 0.0    | -5877.69767 
  2.00  |   128.00   |   260.00   || -5877.669776  | 0.0    | -5877.669776 
  2.00  |   128.00   |   280.00   || -5877.063709  | 0.0    | -5877.063709 
  2.00  |   128.00   |   300.00   || -5879.218672  | 0.0    | -5879.218672 
  2.00  |   128.00   |   320.00   || -5876.39981  | 0.0    | -5876.39981 
  2.00  |   128.00   |   340.00   || -5875.983049  | 0.0    | -5875.983049 
  2.00  |   132.00   |   0.00   || -5876.155368  | 0.0    | -5876.155368 
  2.00  |   132.00   |   20.00   || -5878.08813  | 0.0    | -5878.08813 
  2.00  |   132.00   |   40.00   || -5877.550696  | 0.0    | -5877.550696 
  2.00  |   132.00   |   60.00   || -5876.986866  | 0.0    | -5876.986866 
  2.00  |   132.00   |   80.00   || -5876.276719  | 0.0    | -5876.276719 
  2.00  |   132.00   |   100.00   || -5876.191528  | 0.0    | -5876.191528 
  2.00  |   132.00   |   120.00   || -5877.446504  | 0.0    | -5877.446504 
  2.00  |   132.00   |   140.00   || -5876.062617  | 0.0    | -5876.062617 
  2.00  |   132.00   |   160.00   || -5876.322677  | 0.0    | -5876.322677 
  2.00  |   132.00   |   180.00   || -5876.520838  | 0.0    | -5876.520838 
  2.00  |   132.00   |   200.00   || -5876.795426  | 0.0    | -5876.795426 
  2.00  |   132.00   |   220.00   || -5876.777157  | 0.0    | -5876.777157 
  2.00  |   132.00   |   240.00   || -5877.40063  | 0.0    | -5877.40063 
  2.00  |   132.00   |   260.00   || -5876.944248  | 0.0    | -5876.944248 
  2.00  |   132.00   |   280.00   || -5876.831748  | 0.0    | -5876.831748 
  2.00  |   132.00   |   300.00   || -5878.595386  | 0.0    | -5878.595386 
  2.00  |   132.00   |   320.00   || -5876.827918  | 0.0    | -5876.827918 
  2.00  |   132.00   |   340.00   || -5875.877409  | 0.0    | -5875.877409 
  2.00  |   136.00   |   0.00   || -5876.339403  | 0.0    | -5876.339403 
  2.00  |   136.00   |   20.00   || -5877.346247  | 0.0    | -5877.346247 
  2.00  |   136.00   |   40.00   || -5877.413615  | 0.0    | -5877.413615 
  2.00  |   136.00   |   60.00   || -5876.759831  | 0.0    | -5876.759831 
  2.00  |   136.00   |   80.00   || -5876.831582  | 0.0    | -5876.831582 
  2.00  |   136.00   |   100.00   || -5876.679316  | 0.0    | -5876.679316 
  2.00  |   136.00   |   120.00   || -5878.450942  | 0.0    | -5878.450942 
  2.00  |   136.00   |   140.00   || -5876.421795  | 0.0    | -5876.421795 
  2.00  |   136.00   |   160.00   || -5875.351763  | 0.0    | -5875.351763 
  2.00  |   136.00   |   180.00   || -5876.404524  | 0.0    | -5876.404524 
  2.00  |   136.00   |   200.00   || -5878.017293  | 0.0    | -5878.017293 
  2.00  |   136.00   |   220.00   || -5877.628078  | 0.0    | -5877.628078 
  2.00  |   136.00   |   240.00   || -5876.70956  | 0.0    | -5876.70956 
  2.00  |   136.00   |   260.00   || -5876.521189  | 0.0    | -5876.521189 
  2.00  |   136.00   |   280.00   || -5876.801221  | 0.0    | -5876.801221 
  2.00  |   136.00   |   300.00   || -5878.111804  | 0.0    | -5878.111804 
  2.00  |   136.00   |   320.00   || -5876.226233  | 0.0    | -5876.226233 
  2.00  |   136.00   |   340.00   || -5875.981858  | 0.0    | -5875.981858 
  2.00  |   140.00   |   0.00   || -5876.391996  | 0.0    | -5876.391996 
  2.00  |   140.00   |   20.00   || -5877.250971  | 0.0    | -5877.250971 
  2.00  |   140.00   |   40.00   || -5877.430142  | 0.0    | -5877.430142 
  2.00  |   140.00   |   60.00   || -5877.302438  | 0.0    | -5877.302438 
  2.00  |   140.00   |   80.00   || -5877.360339  | 0.0    | -5877.360339 
  2.00  |   140.00   |   100.00   || -5877.042399  | 0.0    | -5877.042399 
  2.00  |   140.00   |   120.00   || -5879.138318  | 0.0    | -5879.138318 
  2.00  |   140.00   |   140.00   || -5876.635117  | 0.0    | -5876.635117 
  2.00  |   140.00   |   160.00   || -5876.127829  | 0.0    | -5876.127829 
  2.00  |   140.00   |   180.00   || -5875.804188  | 0.0    | -5875.804188 
  2.00  |   140.00   |   200.00   || -5877.379075  | 0.0    | -5877.379075 
  2.00  |   140.00   |   220.00   || -5878.134222  | 0.0    | -5878.134222 
  2.00  |   140.00   |   240.00   || -5877.537661  | 0.0    | -5877.537661 
  2.00  |   140.00   |   260.00   || -5875.840473  | 0.0    | -5875.840473 
  2.00  |   140.00   |   280.00   || -5876.130442  | 0.0    | -5876.130442 
  2.00  |   140.00   |   300.00   || -5877.214096  | 0.0    | -5877.214096 
  2.00  |   140.00   |   320.00   || -5875.995515  | 0.0    | -5875.995515 
  2.00  |   140.00   |   340.00   || -5876.001846  | 0.0    | -5876.001846 
  2.00  |   144.00   |   0.00   || -5875.616515  | 0.0    | -5875.616515 
  2.00  |   144.00   |   20.00   || -5876.324035  | 0.0    | -5876.324035 
  2.00  |   144.00   |   40.00   || -5878.118325  | 0.0    | -5878.118325 
  2.00  |   144.00   |   60.00   || -5876.925936  | 0.0    | -5876.925936 
  2.00  |   144.00   |   80.00   || -5877.294769  | 0.0    | -5877.294769 
  2.00  |   144.00   |   100.00   || -5877.030933  | 0.0    | -5877.030933 
  2.00  |   144.00   |   120.00   || -5879.044339  | 0.0    | -5879.044339 
  2.00  |   144.00   |   140.00   || -5876.532972  | 0.0    | -5876.532972 
  2.00  |   144.00   |   160.00   || -5876.002554  | 0.0    | -5876.002554 
  2.00  |   144.00   |   180.00   || -5876.122334  | 0.0    | -5876.122334 
  2.00  |   144.00   |   200.00   || -5876.556975  | 0.0    | -5876.556975 
  2.00  |   144.00   |   220.00   || -5877.855949  | 0.0    | -5877.855949 
  2.00  |   144.00   |   240.00   || -5877.696333  | 0.0    | -5877.696333 
  2.00  |   144.00   |   260.00   || -5875.723142  | 0.0    | -5875.723142 
  2.00  |   144.00   |   280.00   || -5875.48908  | 0.0    | -5875.48908 
  2.00  |   144.00   |   300.00   || -5877.300978  | 0.0    | -5877.300978 
  2.00  |   144.00   |   320.00   || -5876.583017  | 0.0    | -5876.583017 
  2.00  |   144.00   |   340.00   || -5876.688727  | 0.0    | -5876.688727 
  2.00  |   148.00   |   0.00   || -5875.904557  | 0.0    | -5875.904557 
  2.00  |   148.00   |   20.00   || -5876.057275  | 0.0    | -5876.057275 
  2.00  |   148.00   |   40.00   || -5877.74106  | 0.0    | -5877.74106 
  2.00  |   148.00   |   60.00   || -5876.736365  | 0.0    | -5876.736365 
  2.00  |   148.00   |   80.00   || -5877.513365  | 0.0    | -5877.513365 
  2.00  |   148.00   |   100.00   || -5876.125324  | 0.0    | -5876.125324 
  2.00  |   148.00   |   120.00   || -5877.932647  | 0.0    | -5877.932647 
  2.00  |   148.00   |   140.00   || -5877.141751  | 0.0    | -5877.141751 
  2.00  |   148.00   |   160.00   || -5877.49307  | 0.0    | -5877.49307 
  2.00  |   148.00   |   180.00   || -5875.646032  | 0.0    | -5875.646032 
  2.00  |   148.00   |   200.00   || -5876.206321  | 0.0    | -5876.206321 
  2.00  |   148.00   |   220.00   || -5879.400496  | 0.0    | -5879.400496 
  2.00  |   148.00   |   240.00   || -5876.74481  | 0.0    | -5876.74481 
  2.00  |   148.00   |   260.00   || -5876.445089  | 0.0    | -5876.445089 
  2.00  |   148.00   |   280.00   || -5874.896106  | 0.0    | -5874.896106 
  2.00  |   148.00   |   300.00   || -5876.243596  | 0.0    | -5876.243596 
  2.00  |   148.00   |   320.00   || -5877.31435  | 0.0    | -5877.31435 
  2.00  |   148.00   |   340.00   || -5874.987545  | 0.0    | -5874.987545 
  2.00  |   152.00   |   0.00   || -5875.339551  | 0.0    | -5875.339551 
  2.00  |   152.00   |   20.00   || -5875.674923  | 0.0    | -5875.674923 
  2.00  |   152.00   |   40.00   || -5876.884537  | 0.0    | -5876.884537 
  2.00  |   152.00   |   60.00   || -5877.230009  | 0.0    | -5877.230009 
  2.00  |   152.00   |   80.00   || -5877.481514  | 0.0    | -5877.481514 
  2.00  |   152.00   |   100.00   || -5875.845635  | 0.0    | -5875.845635 
  2.00  |   152.00   |   120.00   || -5876.783067  | 0.0    | -5876.783067 
  2.00  |   152.00   |   140.00   || -5877.806264  | 0.0    | -5877.806264 
  2.00  |   152.00   |   160.00   || -5877.413027  | 0.0    | -5877.413027 
  2.00  |   152.00   |   180.00   || -5875.725567  | 0.0    | -5875.725567 
  2.00  |   152.00   |   200.00   || -5876.307212  | 0.0    | -5876.307212 
  2.00  |   152.00   |   220.00   || -5878.182273  | 0.0    | -5878.182273 
  2.00  |   152.00   |   240.00   || -5877.233973  | 0.0    | -5877.233973 
  2.00  |   152.00   |   260.00   || -5876.573176  | 0.0    | -5876.573176 
  2.00  |   152.00   |   280.00   || -5874.875825  | 0.0    | -5874.875825 
  2.00  |   152.00   |   300.00   || -5875.847171  | 0.0    | -5875.847171 
  2.00  |   152.00   |   320.00   || -5876.944126  | 0.0    | -5876.944126 
  2.00  |   152.00   |   340.00   || -5874.954891  | 0.0    | -5874.954891 
  2.00  |   156.00   |   0.00   || -5875.385541  | 0.0    | -5875.385541 
  2.00  |   156.00   |   20.00   || -5875.281137  | 0.0    | -5875.281137 
  2.00  |   156.00   |   40.00   || -5876.023043  | 0.0    | -5876.023043 
  2.00  |   156.00   |   60.00   || -5876.896301  | 0.0    | -5876.896301 
  2.00  |   156.00   |   80.00   || -5876.895368  | 0.0    | -5876.895368 
  2.00  |   156.00   |   100.00   || -5875.790289  | 0.0    | -5875.790289 
  2.00  |   156.00   |   120.00   || -5875.62143  | 0.0    | -5875.62143 
  2.00  |   156.00   |   140.00   || -5877.984103  | 0.0    | -5877.984103 
  2.00  |   156.00   |   160.00   || -5876.903025  | 0.0    | -5876.903025 
  2.00  |   156.00   |   180.00   || -5875.524875  | 0.0    | -5875.524875 
  2.00  |   156.00   |   200.00   || -5876.14225  | 0.0    | -5876.14225 
  2.00  |   156.00   |   220.00   || -5878.029323  | 0.0    | -5878.029323 
  2.00  |   156.00   |   240.00   || -5877.139471  | 0.0    | -5877.139471 
  2.00  |   156.00   |   260.00   || -5876.44109  | 0.0    | -5876.44109 
  2.00  |   156.00   |   280.00   || -5874.787285  | 0.0    | -5874.787285 
  2.00  |   156.00   |   300.00   || -5875.683132  | 0.0    | -5875.683132 
  2.00  |   156.00   |   320.00   || -5876.150717  | 0.0    | -5876.150717 
  2.00  |   156.00   |   340.00   || -5874.508272  | 0.0    | -5874.508272 
  2.00  |   160.00   |   0.00   || -5875.518475  | 0.0    | -5875.518475 
  2.00  |   160.00   |   20.00   || -5875.190045  | 0.0    | -5875.190045 
  2.00  |   160.00   |   40.00   || -5876.550826  | 0.0    | -5876.550826 
  2.00  |   160.00   |   60.00   || -5876.461032  | 0.0    | -5876.461032 
  2.00  |   160.00   |   80.00   || -5876.448467  | 0.0    | -5876.448467 
  2.00  |   160.00   |   100.00   || -5875.235124  | 0.0    | -5875.235124 
  2.00  |   160.00   |   120.00   || -5876.027852  | 0.0    | -5876.027852 
  2.00  |   160.00   |   140.00   || -5877.649947  | 0.0    | -5877.649947 
  2.00  |   160.00   |   160.00   || -5876.10623  | 0.0    | -5876.10623 
  2.00  |   160.00   |   180.00   || -5874.629607  | 0.0    | -5874.629607 
  2.00  |   160.00   |   200.00   || -5875.580605  | 0.0    | -5875.580605 
  2.00  |   160.00   |   220.00   || -5877.285453  | 0.0    | -5877.285453 
  2.00  |   160.00   |   240.00   || -5877.24847  | 0.0    | -5877.24847 
  2.00  |   160.00   |   260.00   || -5876.30461  | 0.0    | -5876.30461 
  2.00  |   160.00   |   280.00   || -5874.336802  | 0.0    | -5874.336802 
  2.00  |   160.00   |   300.00   || -5875.428558  | 0.0    | -5875.428558 
  2.00  |   160.00   |   320.00   || -5874.731611  | 0.0    | -5874.731611 
  2.00  |   160.00   |   340.00   || -5875.111428  | 0.0    | -5875.111428 
  2.00  |   164.00   |   0.00   || -5875.511732  | 0.0    | -5875.511732 
  2.00  |   164.00   |   20.00   || -5875.450501  | 0.0    | -5875.450501 
  2.00  |   164.00   |   40.00   || -5875.637535  | 0.0    | -5875.637535 
  2.00  |   164.00   |   60.00   || -5876.27458  | 0.0    | -5876.27458 
  2.00  |   164.00   |   80.00   || -5876.064056  | 0.0    | -5876.064056 
  2.00  |   164.00   |   100.00   || -5874.962471  | 0.0    | -5874.962471 
  2.00  |   164.00   |   120.00   || -5876.37381  | 0.0    | -5876.37381 
  2.00  |   164.00   |   140.00   || -5876.935824  | 0.0    | -5876.935824 
  2.00  |   164.00   |   160.00   || -5876.064082  | 0.0    | -5876.064082 
  2.00  |   164.00   |   180.00   || -5875.013096  | 0.0    | -5875.013096 
  2.00  |   164.00   |   200.00   || -5874.865184  | 0.0    | -5874.865184 
  2.00  |   164.00   |   220.00   || -5876.708426  | 0.0    | -5876.708426 
  2.00  |   164.00   |   240.00   || -5876.736594  | 0.0    | -5876.736594 
  2.00  |   164.00   |   260.00   || -5875.585205  | 0.0    | -5875.585205 
  2.00  |   164.00   |   280.00   || -5874.609998  | 0.0    | -5874.609998 
  2.00  |   164.00   |   300.00   || -5875.025733  | 0.0    | -5875.025733 
  2.00  |   164.00   |   320.00   || -5875.865768  | 0.0    | -5875.865768 
  2.00  |   164.00   |   340.00   || -5875.415017  | 0.0    | -5875.415017 
  2.00  |   168.00   |   0.00   || -5874.846312  | 0.0    | -5874.846312 
  2.00  |   168.00   |   20.00   || -5875.518979  | 0.0    | -5875.518979 
  2.00  |   168.00   |   40.00   || -5874.860188  | 0.0    | -5874.860188 
  2.00  |   168.00   |   60.00   || -5875.31739  | 0.0    | -5875.31739 
  2.00  |   168.00   |   80.00   || -5876.273464  | 0.0    | -5876.273464 
  2.00  |   168.00   |   100.00   || -5874.906337  | 0.0    | -5874.906337 
  2.00  |   168.00   |   120.00   || -5875.667041  | 0.0    | -5875.667041 
  2.00  |   168.00   |   140.00   || -5876.277749  | 0.0    | -5876.277749 
  2.00  |   168.00   |   160.00   || -5876.057827  | 0.0    | -5876.057827 
  2.00  |   168.00   |   180.00   || -5874.63412  | 0.0    | -5874.63412 
  2.00  |   168.00   |   200.00   || -5874.552328  | 0.0    | -5874.552328 
  2.00  |   168.00   |   220.00   || -5876.117051  | 0.0    | -5876.117051 
  2.00  |   168.00   |   240.00   || -5876.410226  | 0.0    | -5876.410226 
  2.00  |   168.00   |   260.00   || -5875.642659  | 0.0    | -5875.642659 
  2.00  |   168.00   |   280.00   || -5874.549095  | 0.0    | -5874.549095 
  2.00  |   168.00   |   300.00   || -5875.314753  | 0.0    | -5875.314753 
  2.00  |   168.00   |   320.00   || -5874.481197  | 0.0    | -5874.481197 
  2.00  |   168.00   |   340.00   || -5875.001905  | 0.0    | -5875.001905 
  2.00  |   172.00   |   0.00   || -5875.060973  | 0.0    | -5875.060973 
  2.00  |   172.00   |   20.00   || -5875.9522  | 0.0    | -5875.9522 
  2.00  |   172.00   |   40.00   || -5873.156579  | 0.0    | -5873.156579 
  2.00  |   172.00   |   60.00   || -5875.07321  | 0.0    | -5875.07321 
  2.00  |   172.00   |   80.00   || -5875.926038  | 0.0    | -5875.926038 
  2.00  |   172.00   |   100.00   || -5874.682627  | 0.0    | -5874.682627 
  2.00  |   172.00   |   120.00   || -5875.755915  | 0.0    | -5875.755915 
  2.00  |   172.00   |   140.00   || -5876.045019  | 0.0    | -5876.045019 
  2.00  |   172.00   |   160.00   || -5876.600891  | 0.0    | -5876.600891 
  2.00  |   172.00   |   180.00   || -5874.644449  | 0.0    | -5874.644449 
  2.00  |   172.00   |   200.00   || -5874.767127  | 0.0    | -5874.767127 
  2.00  |   172.00   |   220.00   || -5875.249077  | 0.0    | -5875.249077 
  2.00  |   172.00   |   240.00   || -5875.756383  | 0.0    | -5875.756383 
  2.00  |   172.00   |   260.00   || -5875.813324  | 0.0    | -5875.813324 
  2.00  |   172.00   |   280.00   || -5873.92761  | 0.0    | -5873.92761 
  2.00  |   172.00   |   300.00   || -5875.244142  | 0.0    | -5875.244142 
  2.00  |   172.00   |   320.00   || -5873.627234  | 0.0    | -5873.627234 
  2.00  |   172.00   |   340.00   || -5874.870476  | 0.0    | -5874.870476 
  2.00  |   176.00   |   0.00   || -5875.393509  | 0.0    | -5875.393509 
  2.00  |   176.00   |   20.00   || -5875.738795  | 0.0    | -5875.738795 
  2.00  |   176.00   |   40.00   || -5872.925107  | 0.0    | -5872.925107 
  2.00  |   176.00   |   60.00   || -5874.510516  | 0.0    | -5874.510516 
  2.00  |   176.00   |   80.00   || -5875.555572  | 0.0    | -5875.555572 
  2.00  |   176.00   |   100.00   || -5874.679231  | 0.0    | -5874.679231 
  2.00  |   176.00   |   120.00   || -5875.49517  | 0.0    | -5875.49517 
  2.00  |   176.00   |   140.00   || -5875.426332  | 0.0    | -5875.426332 
  2.00  |   176.00   |   160.00   || -5875.889972  | 0.0    | -5875.889972 
  2.00  |   176.00   |   180.00   || -5874.974872  | 0.0    | -5874.974872 
  2.00  |   176.00   |   200.00   || -5874.811209  | 0.0    | -5874.811209 
  2.00  |   176.00   |   220.00   || -5874.933574  | 0.0    | -5874.933574 
  2.00  |   176.00   |   240.00   || -5874.881974  | 0.0    | -5874.881974 
  2.00  |   176.00   |   260.00   || -5875.604816  | 0.0    | -5875.604816 
  2.00  |   176.00   |   280.00   || -5873.874157  | 0.0    | -5873.874157 
  2.00  |   176.00   |   300.00   || -5873.924946  | 0.0    | -5873.924946 
  2.00  |   176.00   |   320.00   || -5873.457429  | 0.0    | -5873.457429 
  2.00  |   176.00   |   340.00   || -5875.114676  | 0.0    | -5875.114676 
  2.00  |   180.00   |   0.00   || -5874.829286  | 0.0    | -5874.829286 
