
Parameter file:
Precision   double 
K           1
Nk          9
K_fine      19
thresold    0.5
BSZ         128
restart     200
tolerance   1e-5
max_iter    1000
P           4
eps         1e-12
NCRIT       700
theta       0.5
GPU         1

Protein file: 3ghg_interaction/mesh/3ghg_NanoShaper_d04
Sensor  file: NA
Phi     file: NA


Number of elements  : 1241764 
Number of iterations: max: 72, min: 1, avg: 67 
Coulombic energy    : -349371500.416189 kcal/mol 
Total time          : max: 2355.467030s, min: 604.803719s, avg: 2222.632631s 

                    ||              kcal/mol
  h     | Tilt   |  Rotat  ||    Esolv      |    Esurf     |      Esurf+Esolv 
------------------------------------------------------------------------------ 
  2.00  |  152.00  |  0.00 || -5875.339551  | 0.0    | -5875.339551 
  2.00  |  152.00  |  20.00 || -5875.674923  | 0.0    | -5875.674923 
  2.00  |  152.00  |  40.00 || -5876.884537  | 0.0    | -5876.884537 
  2.00  |  152.00  |  60.00 || -5877.230009  | 0.0    | -5877.230009 
  2.00  |  152.00  |  80.00 || -5877.481514  | 0.0    | -5877.481514 
  2.00  |  152.00  |  100.00 || -5875.845635  | 0.0    | -5875.845635 
  2.00  |  152.00  |  120.00 || -5876.783067  | 0.0    | -5876.783067 
  2.00  |  152.00  |  140.00 || -5877.806264  | 0.0    | -5877.806264 
  2.00  |  152.00  |  160.00 || -5877.413027  | 0.0    | -5877.413027 
  2.00  |  152.00  |  180.00 || -5875.725567  | 0.0    | -5875.725567 
  2.00  |  152.00  |  200.00 || -5876.307212  | 0.0    | -5876.307212 
  2.00  |  152.00  |  220.00 || -5878.182273  | 0.0    | -5878.182273 
  2.00  |  152.00  |  240.00 || -5877.233973  | 0.0    | -5877.233973 
  2.00  |  152.00  |  260.00 || -5876.573176  | 0.0    | -5876.573176 
  2.00  |  152.00  |  280.00 || -5874.875825  | 0.0    | -5874.875825 
  2.00  |  152.00  |  300.00 || -5875.847171  | 0.0    | -5875.847171 
  2.00  |  152.00  |  320.00 || -5876.944126  | 0.0    | -5876.944126 
  2.00  |  152.00  |  340.00 || -5874.954891  | 0.0    | -5874.954891 
  2.00  |  156.00  |  0.00 || -5875.385541  | 0.0    | -5875.385541 
  2.00  |  156.00  |  20.00 || -5875.281137  | 0.0    | -5875.281137 
  2.00  |  156.00  |  40.00 || -5876.023043  | 0.0    | -5876.023043 
  2.00  |  156.00  |  60.00 || -5876.896301  | 0.0    | -5876.896301 
  2.00  |  156.00  |  80.00 || -5876.895368  | 0.0    | -5876.895368 
  2.00  |  156.00  |  100.00 || -5875.790289  | 0.0    | -5875.790289 
  2.00  |  156.00  |  120.00 || -5875.62143  | 0.0    | -5875.62143 
  2.00  |  156.00  |  140.00 || -5877.984103  | 0.0    | -5877.984103 
  2.00  |  156.00  |  160.00 || -5876.903025  | 0.0    | -5876.903025 
  2.00  |  156.00  |  180.00 || -5875.524875  | 0.0    | -5875.524875 
  2.00  |  156.00  |  200.00 || -5876.14225  | 0.0    | -5876.14225 
  2.00  |  156.00  |  220.00 || -5878.029323  | 0.0    | -5878.029323 
  2.00  |  156.00  |  240.00 || -5877.139471  | 0.0    | -5877.139471 
  2.00  |  156.00  |  260.00 || -5876.44109  | 0.0    | -5876.44109 
  2.00  |  156.00  |  280.00 || -5874.787285  | 0.0    | -5874.787285 
  2.00  |  156.00  |  300.00 || -5875.683132  | 0.0    | -5875.683132 
  2.00  |  156.00  |  320.00 || -5876.150717  | 0.0    | -5876.150717 
  2.00  |  156.00  |  340.00 || -5874.508272  | 0.0    | -5874.508272 
  2.00  |  160.00  |  0.00 || -5875.518475  | 0.0    | -5875.518475 
  2.00  |  160.00  |  20.00 || -5875.190045  | 0.0    | -5875.190045 
  2.00  |  160.00  |  40.00 || -5876.550826  | 0.0    | -5876.550826 
  2.00  |  160.00  |  60.00 || -5876.461032  | 0.0    | -5876.461032 
  2.00  |  160.00  |  80.00 || -5876.448467  | 0.0    | -5876.448467 
  2.00  |  160.00  |  100.00 || -5875.235124  | 0.0    | -5875.235124 
  2.00  |  160.00  |  120.00 || -5876.027852  | 0.0    | -5876.027852 
  2.00  |  160.00  |  140.00 || -5877.649947  | 0.0    | -5877.649947 
  2.00  |  160.00  |  160.00 || -5876.10623  | 0.0    | -5876.10623 
  2.00  |  160.00  |  180.00 || -5874.629607  | 0.0    | -5874.629607 
  2.00  |  160.00  |  200.00 || -5875.580605  | 0.0    | -5875.580605 
  2.00  |  160.00  |  220.00 || -5877.285453  | 0.0    | -5877.285453 
  2.00  |  160.00  |  240.00 || -5877.24847  | 0.0    | -5877.24847 
  2.00  |  160.00  |  260.00 || -5876.30461  | 0.0    | -5876.30461 
  2.00  |  160.00  |  280.00 || -5874.336802  | 0.0    | -5874.336802 
  2.00  |  160.00  |  300.00 || -5875.428558  | 0.0    | -5875.428558 
  2.00  |  160.00  |  320.00 || -5874.731611  | 0.0    | -5874.731611 
  2.00  |  160.00  |  340.00 || -5875.111428  | 0.0    | -5875.111428 
