
Parameter file:
Precision   double 
K           1
Nk          9
K_fine      19
thresold    0.5
BSZ         128
restart     200
tolerance   1e-5
max_iter    1000
P           4
eps         1e-12
NCRIT       700
theta       0.5
GPU         1

Protein file: 3ghg_interaction/mesh/3ghg_NanoShaper_d04
Sensor  file: NA
Phi     file: NA


Number of elements  : 1241764 
Number of iterations: max: 72, min: 1, avg: 68 
Coulombic energy    : -349371500.525839 kcal/mol 
Total time          : max: 2438.724919s, min: 614.998516s, avg: 2260.231220s 

                    ||              kcal/mol
  h     | Tilt   |  Rotat  ||    Esolv      |    Esurf     |      Esurf+Esolv 
------------------------------------------------------------------------------ 
  2.00  |  140.00  |  0.00 || -5876.391996  | 0.0    | -5876.391996 
  2.00  |  140.00  |  20.00 || -5877.250971  | 0.0    | -5877.250971 
  2.00  |  140.00  |  40.00 || -5877.430142  | 0.0    | -5877.430142 
  2.00  |  140.00  |  60.00 || -5877.302438  | 0.0    | -5877.302438 
  2.00  |  140.00  |  80.00 || -5877.360339  | 0.0    | -5877.360339 
  2.00  |  140.00  |  100.00 || -5877.042399  | 0.0    | -5877.042399 
  2.00  |  140.00  |  120.00 || -5879.138318  | 0.0    | -5879.138318 
  2.00  |  140.00  |  140.00 || -5876.635117  | 0.0    | -5876.635117 
  2.00  |  140.00  |  160.00 || -5876.127829  | 0.0    | -5876.127829 
  2.00  |  140.00  |  180.00 || -5875.804188  | 0.0    | -5875.804188 
  2.00  |  140.00  |  200.00 || -5877.379075  | 0.0    | -5877.379075 
  2.00  |  140.00  |  220.00 || -5878.134222  | 0.0    | -5878.134222 
  2.00  |  140.00  |  240.00 || -5877.537661  | 0.0    | -5877.537661 
  2.00  |  140.00  |  260.00 || -5875.840473  | 0.0    | -5875.840473 
  2.00  |  140.00  |  280.00 || -5876.130442  | 0.0    | -5876.130442 
  2.00  |  140.00  |  300.00 || -5877.214096  | 0.0    | -5877.214096 
  2.00  |  140.00  |  320.00 || -5875.995515  | 0.0    | -5875.995515 
  2.00  |  140.00  |  340.00 || -5876.001846  | 0.0    | -5876.001846 
  2.00  |  144.00  |  0.00 || -5875.616515  | 0.0    | -5875.616515 
  2.00  |  144.00  |  20.00 || -5876.324035  | 0.0    | -5876.324035 
  2.00  |  144.00  |  40.00 || -5878.118325  | 0.0    | -5878.118325 
  2.00  |  144.00  |  60.00 || -5876.925936  | 0.0    | -5876.925936 
  2.00  |  144.00  |  80.00 || -5877.294769  | 0.0    | -5877.294769 
  2.00  |  144.00  |  100.00 || -5877.030933  | 0.0    | -5877.030933 
  2.00  |  144.00  |  120.00 || -5879.044339  | 0.0    | -5879.044339 
  2.00  |  144.00  |  140.00 || -5876.532972  | 0.0    | -5876.532972 
  2.00  |  144.00  |  160.00 || -5876.002554  | 0.0    | -5876.002554 
  2.00  |  144.00  |  180.00 || -5876.122334  | 0.0    | -5876.122334 
  2.00  |  144.00  |  200.00 || -5876.556975  | 0.0    | -5876.556975 
  2.00  |  144.00  |  220.00 || -5877.855949  | 0.0    | -5877.855949 
  2.00  |  144.00  |  240.00 || -5877.696333  | 0.0    | -5877.696333 
  2.00  |  144.00  |  260.00 || -5875.723142  | 0.0    | -5875.723142 
  2.00  |  144.00  |  280.00 || -5875.48908  | 0.0    | -5875.48908 
  2.00  |  144.00  |  300.00 || -5877.300978  | 0.0    | -5877.300978 
  2.00  |  144.00  |  320.00 || -5876.583017  | 0.0    | -5876.583017 
  2.00  |  144.00  |  340.00 || -5876.688727  | 0.0    | -5876.688727 
  2.00  |  148.00  |  0.00 || -5875.904557  | 0.0    | -5875.904557 
  2.00  |  148.00  |  20.00 || -5876.057275  | 0.0    | -5876.057275 
  2.00  |  148.00  |  40.00 || -5877.74106  | 0.0    | -5877.74106 
  2.00  |  148.00  |  60.00 || -5876.736365  | 0.0    | -5876.736365 
  2.00  |  148.00  |  80.00 || -5877.513365  | 0.0    | -5877.513365 
  2.00  |  148.00  |  100.00 || -5876.125324  | 0.0    | -5876.125324 
  2.00  |  148.00  |  120.00 || -5877.932647  | 0.0    | -5877.932647 
  2.00  |  148.00  |  140.00 || -5877.141751  | 0.0    | -5877.141751 
  2.00  |  148.00  |  160.00 || -5877.49307  | 0.0    | -5877.49307 
  2.00  |  148.00  |  180.00 || -5875.646032  | 0.0    | -5875.646032 
  2.00  |  148.00  |  200.00 || -5876.206321  | 0.0    | -5876.206321 
  2.00  |  148.00  |  220.00 || -5879.400496  | 0.0    | -5879.400496 
  2.00  |  148.00  |  240.00 || -5876.74481  | 0.0    | -5876.74481 
  2.00  |  148.00  |  260.00 || -5876.445089  | 0.0    | -5876.445089 
  2.00  |  148.00  |  280.00 || -5874.896106  | 0.0    | -5874.896106 
  2.00  |  148.00  |  300.00 || -5876.243596  | 0.0    | -5876.243596 
  2.00  |  148.00  |  320.00 || -5877.31435  | 0.0    | -5877.31435 
  2.00  |  148.00  |  340.00 || -5874.987545  | 0.0    | -5874.987545 
