
Parameter file:
Precision   double 
K           1
Nk          9
K_fine      19
thresold    0.5
BSZ         128
restart     200
tolerance   1e-5
max_iter    1000
P           4
eps         1e-12
NCRIT       700
theta       0.5
GPU         1

Protein file: 3ghg_interaction/mesh/3ghg_NanoShaper_d04
Sensor  file: NA
Phi     file: NA


Number of elements  : 1241764 
Number of iterations: max: 70, min: 1, avg: 66 
Coulombic energy    : -349371500.704481 kcal/mol 
Total time          : max: 2451.748888s, min: 630.592887s, avg: 2248.398895s 

                    ||              kcal/mol
  h     | Tilt   |  Rotat  ||    Esolv      |    Esurf     |      Esurf+Esolv 
------------------------------------------------------------------------------ 
  2.00  |  164.00  |  0.00 || -5875.511732  | 0.0    | -5875.511732 
  2.00  |  164.00  |  20.00 || -5875.450501  | 0.0    | -5875.450501 
  2.00  |  164.00  |  40.00 || -5875.637535  | 0.0    | -5875.637535 
  2.00  |  164.00  |  60.00 || -5876.27458  | 0.0    | -5876.27458 
  2.00  |  164.00  |  80.00 || -5876.064056  | 0.0    | -5876.064056 
  2.00  |  164.00  |  100.00 || -5874.962471  | 0.0    | -5874.962471 
  2.00  |  164.00  |  120.00 || -5876.37381  | 0.0    | -5876.37381 
  2.00  |  164.00  |  140.00 || -5876.935824  | 0.0    | -5876.935824 
  2.00  |  164.00  |  160.00 || -5876.064082  | 0.0    | -5876.064082 
  2.00  |  164.00  |  180.00 || -5875.013096  | 0.0    | -5875.013096 
  2.00  |  164.00  |  200.00 || -5874.865184  | 0.0    | -5874.865184 
  2.00  |  164.00  |  220.00 || -5876.708426  | 0.0    | -5876.708426 
  2.00  |  164.00  |  240.00 || -5876.736594  | 0.0    | -5876.736594 
  2.00  |  164.00  |  260.00 || -5875.585205  | 0.0    | -5875.585205 
  2.00  |  164.00  |  280.00 || -5874.609998  | 0.0    | -5874.609998 
  2.00  |  164.00  |  300.00 || -5875.025733  | 0.0    | -5875.025733 
  2.00  |  164.00  |  320.00 || -5875.865768  | 0.0    | -5875.865768 
  2.00  |  164.00  |  340.00 || -5875.415017  | 0.0    | -5875.415017 
  2.00  |  168.00  |  0.00 || -5874.846312  | 0.0    | -5874.846312 
  2.00  |  168.00  |  20.00 || -5875.518979  | 0.0    | -5875.518979 
  2.00  |  168.00  |  40.00 || -5874.860188  | 0.0    | -5874.860188 
  2.00  |  168.00  |  60.00 || -5875.31739  | 0.0    | -5875.31739 
  2.00  |  168.00  |  80.00 || -5876.273464  | 0.0    | -5876.273464 
  2.00  |  168.00  |  100.00 || -5874.906337  | 0.0    | -5874.906337 
  2.00  |  168.00  |  120.00 || -5875.667041  | 0.0    | -5875.667041 
  2.00  |  168.00  |  140.00 || -5876.277749  | 0.0    | -5876.277749 
  2.00  |  168.00  |  160.00 || -5876.057827  | 0.0    | -5876.057827 
  2.00  |  168.00  |  180.00 || -5874.63412  | 0.0    | -5874.63412 
  2.00  |  168.00  |  200.00 || -5874.552328  | 0.0    | -5874.552328 
  2.00  |  168.00  |  220.00 || -5876.117051  | 0.0    | -5876.117051 
  2.00  |  168.00  |  240.00 || -5876.410226  | 0.0    | -5876.410226 
  2.00  |  168.00  |  260.00 || -5875.642659  | 0.0    | -5875.642659 
  2.00  |  168.00  |  280.00 || -5874.549095  | 0.0    | -5874.549095 
  2.00  |  168.00  |  300.00 || -5875.314753  | 0.0    | -5875.314753 
  2.00  |  168.00  |  320.00 || -5874.481197  | 0.0    | -5874.481197 
  2.00  |  168.00  |  340.00 || -5875.001905  | 0.0    | -5875.001905 
  2.00  |  172.00  |  0.00 || -5875.060973  | 0.0    | -5875.060973 
  2.00  |  172.00  |  20.00 || -5875.9522  | 0.0    | -5875.9522 
  2.00  |  172.00  |  40.00 || -5873.156579  | 0.0    | -5873.156579 
  2.00  |  172.00  |  60.00 || -5875.07321  | 0.0    | -5875.07321 
  2.00  |  172.00  |  80.00 || -5875.926038  | 0.0    | -5875.926038 
  2.00  |  172.00  |  100.00 || -5874.682627  | 0.0    | -5874.682627 
  2.00  |  172.00  |  120.00 || -5875.755915  | 0.0    | -5875.755915 
  2.00  |  172.00  |  140.00 || -5876.045019  | 0.0    | -5876.045019 
  2.00  |  172.00  |  160.00 || -5876.600891  | 0.0    | -5876.600891 
  2.00  |  172.00  |  180.00 || -5874.644449  | 0.0    | -5874.644449 
  2.00  |  172.00  |  200.00 || -5874.767127  | 0.0    | -5874.767127 
  2.00  |  172.00  |  220.00 || -5875.249077  | 0.0    | -5875.249077 
  2.00  |  172.00  |  240.00 || -5875.756383  | 0.0    | -5875.756383 
  2.00  |  172.00  |  260.00 || -5875.813324  | 0.0    | -5875.813324 
  2.00  |  172.00  |  280.00 || -5873.92761  | 0.0    | -5873.92761 
  2.00  |  172.00  |  300.00 || -5875.244142  | 0.0    | -5875.244142 
  2.00  |  172.00  |  320.00 || -5873.627234  | 0.0    | -5873.627234 
  2.00  |  172.00  |  340.00 || -5874.870476  | 0.0    | -5874.870476 
