
Parameter file:
Precision   double 
K           1
Nk          9
K_fine      19
thresold    0.5
BSZ         128
restart     200
tolerance   1e-5
max_iter    1000
P           4
eps         1e-12
NCRIT       700
theta       0.5
GPU         1

Protein file: 3ghg_interaction/mesh/3ghg_NanoShaper_d04
Sensor  file: NA
Phi     file: NA


Number of elements  : 1241764 
Number of iterations: max: 70, min: 1, avg: 67 
Coulombic energy    : -349371500.698957 kcal/mol 
Total time          : max: 2349.222238s, min: 604.027818s, avg: 2183.727922s 

                    ||              kcal/mol
  h     | Tilt   |  Rotat  ||    Esolv      |    Esurf     |      Esurf+Esolv 
------------------------------------------------------------------------------ 
  2.00  |  80.00  |  0.00 || -5874.701181  | 0.0    | -5874.701181 
  2.00  |  80.00  |  20.00 || -5875.373449  | 0.0    | -5875.373449 
  2.00  |  80.00  |  40.00 || -5875.636029  | 0.0    | -5875.636029 
  2.00  |  80.00  |  60.00 || -5874.845013  | 0.0    | -5874.845013 
  2.00  |  80.00  |  80.00 || -5876.143266  | 0.0    | -5876.143266 
  2.00  |  80.00  |  100.00 || -5874.971713  | 0.0    | -5874.971713 
  2.00  |  80.00  |  120.00 || -5875.888463  | 0.0    | -5875.888463 
  2.00  |  80.00  |  140.00 || -5876.480675  | 0.0    | -5876.480675 
  2.00  |  80.00  |  160.00 || -5876.414991  | 0.0    | -5876.414991 
  2.00  |  80.00  |  180.00 || -5874.637868  | 0.0    | -5874.637868 
  2.00  |  80.00  |  200.00 || -5874.833839  | 0.0    | -5874.833839 
  2.00  |  80.00  |  220.00 || -5875.898144  | 0.0    | -5875.898144 
  2.00  |  80.00  |  240.00 || -5876.085097  | 0.0    | -5876.085097 
  2.00  |  80.00  |  260.00 || -5875.469899  | 0.0    | -5875.469899 
  2.00  |  80.00  |  280.00 || -5874.050992  | 0.0    | -5874.050992 
  2.00  |  80.00  |  300.00 || -5875.482194  | 0.0    | -5875.482194 
  2.00  |  80.00  |  320.00 || -5873.736766  | 0.0    | -5873.736766 
  2.00  |  80.00  |  340.00 || -5874.929922  | 0.0    | -5874.929922 
  2.00  |  84.00  |  0.00 || -5875.582342  | 0.0    | -5875.582342 
  2.00  |  84.00  |  20.00 || -5875.583285  | 0.0    | -5875.583285 
  2.00  |  84.00  |  40.00 || -5872.697456  | 0.0    | -5872.697456 
  2.00  |  84.00  |  60.00 || -5874.727493  | 0.0    | -5874.727493 
  2.00  |  84.00  |  80.00 || -5876.039594  | 0.0    | -5876.039594 
  2.00  |  84.00  |  100.00 || -5874.716589  | 0.0    | -5874.716589 
  2.00  |  84.00  |  120.00 || -5875.834631  | 0.0    | -5875.834631 
  2.00  |  84.00  |  140.00 || -5875.723362  | 0.0    | -5875.723362 
  2.00  |  84.00  |  160.00 || -5876.283977  | 0.0    | -5876.283977 
  2.00  |  84.00  |  180.00 || -5874.71091  | 0.0    | -5874.71091 
  2.00  |  84.00  |  200.00 || -5874.974506  | 0.0    | -5874.974506 
  2.00  |  84.00  |  220.00 || -5874.903963  | 0.0    | -5874.903963 
  2.00  |  84.00  |  240.00 || -5875.364428  | 0.0    | -5875.364428 
  2.00  |  84.00  |  260.00 || -5875.760819  | 0.0    | -5875.760819 
  2.00  |  84.00  |  280.00 || -5873.776479  | 0.0    | -5873.776479 
  2.00  |  84.00  |  300.00 || -5874.506016  | 0.0    | -5874.506016 
  2.00  |  84.00  |  320.00 || -5873.15821  | 0.0    | -5873.15821 
  2.00  |  84.00  |  340.00 || -5875.221971  | 0.0    | -5875.221971 
  2.00  |  88.00  |  0.00 || -5874.826824  | 0.0    | -5874.826824 
  2.00  |  88.00  |  20.00 || -5875.477213  | 0.0    | -5875.477213 
  2.00  |  88.00  |  40.00 || -5873.085952  | 0.0    | -5873.085952 
  2.00  |  88.00  |  60.00 || -5874.922861  | 0.0    | -5874.922861 
  2.00  |  88.00  |  80.00 || -5875.638259  | 0.0    | -5875.638259 
  2.00  |  88.00  |  100.00 || -5874.555987  | 0.0    | -5874.555987 
  2.00  |  88.00  |  120.00 || -5876.0593  | 0.0    | -5876.0593 
  2.00  |  88.00  |  140.00 || -5875.288091  | 0.0    | -5875.288091 
  2.00  |  88.00  |  160.00 || -5876.107421  | 0.0    | -5876.107421 
  2.00  |  88.00  |  180.00 || -5874.755367  | 0.0    | -5874.755367 
  2.00  |  88.00  |  200.00 || -5874.972859  | 0.0    | -5874.972859 
  2.00  |  88.00  |  220.00 || -5874.78523  | 0.0    | -5874.78523 
  2.00  |  88.00  |  240.00 || -5874.826535  | 0.0    | -5874.826535 
  2.00  |  88.00  |  260.00 || -5875.550253  | 0.0    | -5875.550253 
  2.00  |  88.00  |  280.00 || -5874.170563  | 0.0    | -5874.170563 
  2.00  |  88.00  |  300.00 || -5874.437642  | 0.0    | -5874.437642 
  2.00  |  88.00  |  320.00 || -5873.701639  | 0.0    | -5873.701639 
  2.00  |  88.00  |  340.00 || -5875.577  | 0.0    | -5875.577 
