0.0 0.0 -0.13393402099609375 
4.0 0.0 -0.06900399923324585 
4.0 20.0 0.022844016551971436 
4.0 40.0 -0.09284096956253052 
4.0 60.0 -0.015724003314971924 
4.0 80.0 -0.7548879981040955 
4.0 100.0 1.000177025794983 
4.0 120.0 0.8398489952087402 
4.0 140.0 1.3045089840888977 
4.0 160.0 -0.38143497705459595 
4.0 180.0 -0.691440999507904 
4.0 200.0 -0.9798150062561035 
4.0 220.0 1.953490972518921 
4.0 240.0 0.3636689782142639 
4.0 260.0 -0.7411959767341614 
4.0 280.0 0.08989202976226807 
4.0 300.0 -0.7283440232276917 
4.0 320.0 -0.524832010269165 
4.0 340.0 -1.0612859725952148 
8.0 0.0 0.2450609803199768 
8.0 20.0 0.06743597984313965 
8.0 40.0 -0.29186898469924927 
8.0 60.0 -0.8258979916572571 
8.0 80.0 -0.8802840113639832 
8.0 100.0 0.8813040256500244 
8.0 120.0 -0.537585973739624 
8.0 140.0 1.1672430038452148 
8.0 160.0 0.20822399854660034 
8.0 180.0 -0.19481199979782104 
8.0 200.0 -0.9516549706459045 
8.0 220.0 1.6181089878082275 
8.0 240.0 -0.2503049969673157 
8.0 260.0 -1.0594499707221985 
8.0 280.0 0.2210950255393982 
8.0 300.0 -0.9771100282669067 
8.0 320.0 -1.1216340065002441 
8.0 340.0 -1.7125110030174255 
12.0 0.0 0.25488799810409546 
12.0 20.0 0.3820610046386719 
12.0 40.0 -1.2476999759674072 
12.0 60.0 -1.5470960140228271 
12.0 80.0 -0.8546620011329651 
12.0 100.0 0.3169190287590027 
12.0 120.0 -0.39583301544189453 
12.0 140.0 0.3213679790496826 
12.0 160.0 -0.1050029993057251 
12.0 180.0 0.06915003061294556 
12.0 200.0 -0.5895059704780579 
12.0 220.0 0.011337995529174805 
12.0 240.0 -0.3503879904747009 
12.0 260.0 -1.3871110081672668 
12.0 280.0 0.03168201446533203 
12.0 300.0 -0.8201389908790588 
12.0 320.0 -1.4091449975967407 
12.0 340.0 -1.1930819749832153 
16.0 0.0 -0.16229397058486938 
16.0 20.0 0.08734703063964844 
16.0 40.0 -1.7675899863243103 
16.0 60.0 -1.6898120045661926 
16.0 80.0 -0.6127600073814392 
16.0 100.0 0.1647859811782837 
16.0 120.0 -0.11900699138641357 
16.0 140.0 -0.8014950156211853 
16.0 160.0 -0.4098600149154663 
16.0 180.0 -0.5810819864273071 
16.0 200.0 -0.637814998626709 
16.0 220.0 -0.7724519968032837 
16.0 240.0 -1.1337800025939941 
16.0 260.0 -1.3806399703025818 
16.0 280.0 -0.1558300256729126 
16.0 300.0 -1.4764350056648254 
16.0 320.0 -2.110514998435974 
16.0 340.0 -1.0837759971618652 
20.0 0.0 0.26593202352523804 
20.0 20.0 -0.7292529940605164 
20.0 40.0 -2.337634027004242 
20.0 60.0 -2.3323910236358643 
20.0 80.0 -1.4885249733924866 
20.0 100.0 0.46209102869033813 
20.0 120.0 -0.484607994556427 
20.0 140.0 0.08226501941680908 
20.0 160.0 -0.10424602031707764 
20.0 180.0 -0.5813829898834229 
20.0 200.0 -0.2850000262260437 
20.0 220.0 -1.5990779995918274 
20.0 240.0 -1.5080450177192688 
20.0 260.0 -1.5973060131072998 
20.0 280.0 -0.5078660249710083 
20.0 300.0 -1.1863189935684204 
20.0 320.0 -2.807492971420288 
20.0 340.0 -1.176173985004425 
24.0 0.0 -0.5644580125808716 
24.0 20.0 -1.1300190091133118 
24.0 40.0 -3.1215699911117554 
24.0 60.0 -2.282657027244568 
24.0 80.0 -1.4989060163497925 
24.0 100.0 0.11905902624130249 
24.0 120.0 -0.7756869792938232 
24.0 140.0 -1.2617480158805847 
24.0 160.0 0.4793590307235718 
24.0 180.0 -0.4817129969596863 
24.0 200.0 -0.32957297563552856 
24.0 220.0 -1.039829969406128 
24.0 240.0 -2.0038880109786987 
24.0 260.0 -2.046827971935272 
24.0 280.0 -0.8037790060043335 
24.0 300.0 -0.7267130017280579 
24.0 320.0 -3.182220995426178 
24.0 340.0 -2.0753570199012756 
28.0 0.0 -0.8441849946975708 
28.0 20.0 -1.5949360132217407 
28.0 40.0 -3.4478610157966614 
28.0 60.0 -2.360275983810425 
28.0 80.0 -1.7703649997711182 
28.0 100.0 -0.04716998338699341 
28.0 120.0 -0.9151129722595215 
28.0 140.0 -2.0555520057678223 
28.0 160.0 -0.0019649863243103027 
28.0 180.0 -0.3940250277519226 
28.0 200.0 -0.7125110030174255 
28.0 220.0 -1.940352976322174 
28.0 240.0 -2.384881019592285 
28.0 260.0 -2.595317006111145 
28.0 280.0 -0.9178749918937683 
28.0 300.0 -1.867546021938324 
28.0 320.0 -2.843647003173828 
28.0 340.0 -2.529928982257843 
32.0 0.0 -0.7992389798164368 
32.0 20.0 -1.3328229784965515 
32.0 40.0 -4.458011984825134 
32.0 60.0 -2.0441790223121643 
32.0 80.0 -1.57224702835083 
32.0 100.0 -0.018872976303100586 
32.0 120.0 -1.3524090051651 
32.0 140.0 -2.4637269973754883 
32.0 160.0 0.15536999702453613 
32.0 180.0 -0.8816220164299011 
32.0 200.0 -1.085868000984192 
32.0 220.0 -2.9033250212669373 
32.0 240.0 -1.7265589833259583 
32.0 260.0 -2.5823370218276978 
32.0 280.0 -1.2629730105400085 
32.0 300.0 -3.1054540276527405 
32.0 320.0 -2.1982460021972656 
32.0 340.0 -2.586744010448456 
36.0 0.0 -1.2905889749526978 
36.0 20.0 -1.7015939950942993 
36.0 40.0 -2.983244001865387 
36.0 60.0 -2.936275005340576 
36.0 80.0 -0.8150690197944641 
36.0 100.0 -0.5976049900054932 
36.0 120.0 -2.411981999874115 
36.0 140.0 -1.6065239906311035 
36.0 160.0 -1.8807780146598816 
36.0 180.0 -0.6820459961891174 
36.0 200.0 -1.4600120186805725 
36.0 220.0 -3.3118929862976074 
36.0 240.0 -2.054826021194458 
36.0 260.0 -2.5208160281181335 
36.0 280.0 -2.199086010456085 
36.0 300.0 -4.180575013160706 
36.0 320.0 -1.6911630034446716 
36.0 340.0 -1.1021770238876343 
40.0 0.0 -0.8954870104789734 
40.0 20.0 -2.5546370148658752 
40.0 40.0 -3.2513740062713623 
40.0 60.0 -2.6414470076560974 
40.0 80.0 -1.0364400148391724 
40.0 100.0 -1.1151779890060425 
40.0 120.0 -2.2920119762420654 
40.0 140.0 -1.1810519695281982 
40.0 160.0 -1.2454149723052979 
40.0 180.0 -1.3891419768333435 
40.0 200.0 -2.3268749713897705 
40.0 220.0 -2.511708974838257 
40.0 240.0 -2.503992021083832 
40.0 260.0 -2.538664996623993 
40.0 280.0 -2.0958930253982544 
40.0 300.0 -4.249148011207581 
40.0 320.0 -1.6768680214881897 
40.0 340.0 -1.2605050206184387 
44.0 0.0 -1.6329219937324524 
44.0 20.0 -3.1883410215377808 
44.0 40.0 -2.6919339895248413 
44.0 60.0 -1.88926100730896 
44.0 80.0 -1.58883398771286 
44.0 100.0 -1.842606008052826 
44.0 120.0 -3.174547016620636 
44.0 140.0 -1.4849069714546204 
44.0 160.0 -1.1603530049324036 
44.0 180.0 -1.3949949741363525 
44.0 200.0 -2.4630690217018127 
44.0 220.0 -2.4994660019874573 
44.0 240.0 -1.840050995349884 
44.0 260.0 -1.8929250240325928 
44.0 280.0 -1.7080579996109009 
44.0 300.0 -3.6651840209960938 
44.0 320.0 -1.5427550077438354 
44.0 340.0 -0.5441629886627197 
48.0 0.0 -1.6712999939918518 
48.0 20.0 -1.9957129955291748 
48.0 40.0 -1.8896600008010864 
48.0 60.0 -2.518544018268585 
48.0 80.0 -2.05799800157547 
48.0 100.0 -1.9216520190238953 
48.0 120.0 -3.690093994140625 
48.0 140.0 -1.9145950078964233 
48.0 160.0 -0.8937640190124512 
48.0 180.0 -1.1838210225105286 
48.0 200.0 -3.2784799933433533 
48.0 220.0 -2.5866739749908447 
48.0 240.0 -2.1241340041160583 
48.0 260.0 -1.2421849966049194 
48.0 280.0 -1.2364879846572876 
48.0 300.0 -2.574629008769989 
48.0 320.0 -1.1185060143470764 
48.0 340.0 -1.4996860027313232 
52.0 0.0 -0.7215960025787354 
52.0 20.0 -1.6190189719200134 
52.0 40.0 -3.143435001373291 
52.0 60.0 -2.871962010860443 
52.0 80.0 -2.790820002555847 
52.0 100.0 -2.028650999069214 
52.0 120.0 -4.410987019538879 
52.0 140.0 -1.5205069780349731 
52.0 160.0 -1.1394590139389038 
52.0 180.0 -1.247646987438202 
52.0 200.0 -2.4265909790992737 
52.0 220.0 -2.9743940234184265 
52.0 240.0 -3.3716229796409607 
52.0 260.0 -0.749584972858429 
52.0 280.0 -1.1333839893341064 
52.0 300.0 -2.494525969028473 
52.0 320.0 -1.8216990232467651 
52.0 340.0 -1.7023789882659912 
56.0 0.0 -0.6007499694824219 
56.0 20.0 -1.3294230103492737 
56.0 40.0 -2.893537998199463 
56.0 60.0 -1.442587971687317 
56.0 80.0 -2.4745240211486816 
56.0 100.0 -1.783722996711731 
56.0 120.0 -3.9556779861450195 
56.0 140.0 -2.0948960185050964 
56.0 160.0 -2.071847975254059 
56.0 180.0 -0.28203898668289185 
56.0 200.0 -1.6390010118484497 
56.0 220.0 -3.0701379776000977 
56.0 240.0 -2.1679030060768127 
56.0 260.0 -1.5604619979858398 
56.0 280.0 -0.36922401189804077 
56.0 300.0 -1.6612629890441895 
56.0 320.0 -1.2984790205955505 
56.0 340.0 -0.6967179775238037 
60.0 0.0 -0.9210770130157471 
60.0 20.0 -1.3121389746665955 
60.0 40.0 -2.316302001476288 
60.0 60.0 -2.11572402715683 
60.0 80.0 -2.5345669984817505 
60.0 100.0 -0.9644240140914917 
60.0 120.0 -2.2830029726028442 
60.0 140.0 -3.018504023551941 
60.0 160.0 -3.100583016872406 
60.0 180.0 -0.7901890277862549 
60.0 200.0 -1.6265090107917786 
60.0 220.0 -4.0696499943733215 
60.0 240.0 -2.0049890279769897 
60.0 260.0 -1.9846479892730713 
60.0 280.0 -0.26284801959991455 
60.0 300.0 -1.0923979878425598 
60.0 320.0 -2.5836390256881714 
60.0 340.0 -0.008126974105834961 
64.0 0.0 -0.8781499862670898 
64.0 20.0 -0.8757920265197754 
64.0 40.0 -1.5084890127182007 
64.0 60.0 -2.3220800161361694 
64.0 80.0 -2.2373539805412292 
64.0 100.0 -0.7348920106887817 
64.0 120.0 -1.2815020084381104 
64.0 140.0 -3.2654539942741394 
64.0 160.0 -2.1196489930152893 
64.0 180.0 -0.7072960138320923 
64.0 200.0 -1.2452939748764038 
64.0 220.0 -3.321223020553589 
64.0 240.0 -2.1837130188941956 
64.0 260.0 -1.6513000130653381 
64.0 280.0 0.17663800716400146 
64.0 300.0 -0.9369000196456909 
64.0 320.0 -1.6340180039405823 
64.0 340.0 -0.03250402212142944 
68.0 0.0 -0.4987879991531372 
68.0 20.0 -0.6806250214576721 
68.0 40.0 -1.8401100039482117 
68.0 60.0 -2.0356169939041138 
68.0 80.0 -1.8202829957008362 
68.0 100.0 -0.6580100059509277 
68.0 120.0 -0.6996909976005554 
68.0 140.0 -2.9146509766578674 
68.0 160.0 -1.6212739944458008 
68.0 180.0 -0.30545902252197266 
68.0 200.0 -1.0516549944877625 
68.0 220.0 -2.0014399886131287 
68.0 240.0 -2.8529379963874817 
68.0 260.0 -1.4765639901161194 
68.0 280.0 0.12793201208114624 
68.0 300.0 -0.8548250198364258 
68.0 320.0 -0.4348070025444031 
68.0 340.0 -0.02824300527572632 
72.0 0.0 -0.19154000282287598 
72.0 20.0 -0.35200202465057373 
72.0 40.0 -0.9804450273513794 
72.0 60.0 -1.8047999739646912 
72.0 80.0 -1.7236089706420898 
72.0 100.0 -0.4004250168800354 
72.0 120.0 -1.500115990638733 
72.0 140.0 -2.4041979908943176 
72.0 160.0 -0.8968759775161743 
72.0 180.0 -0.059831976890563965 
72.0 200.0 -0.19846701622009277 
72.0 220.0 -2.4380159974098206 
72.0 240.0 -2.072112023830414 
72.0 260.0 -1.0628510117530823 
72.0 280.0 0.3819829821586609 
72.0 300.0 -0.18055099248886108 
72.0 320.0 -0.42312300205230713 
72.0 340.0 -0.46054399013519287 
76.0 0.0 -0.5053300261497498 
76.0 20.0 -0.17058199644088745 
76.0 40.0 -0.45245301723480225 
76.0 60.0 -1.075771987438202 
76.0 80.0 -1.6594949960708618 
76.0 100.0 0.030149996280670166 
76.0 120.0 -1.1383879780769348 
76.0 140.0 -1.7270910143852234 
76.0 160.0 -1.5786259770393372 
76.0 180.0 0.17831498384475708 
76.0 200.0 0.7219020128250122 
76.0 220.0 -2.010882019996643 
76.0 240.0 -1.6901220083236694 
76.0 260.0 -0.7035210132598877 
76.0 280.0 0.18344998359680176 
76.0 300.0 0.07210999727249146 
76.0 320.0 -0.7477729916572571 
76.0 340.0 -0.4778839945793152 
80.0 0.0 0.15665000677108765 
80.0 20.0 -0.5156180262565613 
80.0 40.0 -0.7781980037689209 
80.0 60.0 0.012817978858947754 
80.0 80.0 -1.2854350209236145 
80.0 100.0 -0.11388200521469116 
80.0 120.0 -1.0306320190429688 
80.0 140.0 -1.6228439807891846 
80.0 160.0 -1.5571600198745728 
80.0 180.0 0.21996301412582397 
80.0 200.0 0.02399200201034546 
80.0 220.0 -1.0403130054473877 
80.0 240.0 -1.227266013622284 
80.0 260.0 -0.6120679974555969 
80.0 280.0 0.8068389892578125 
80.0 300.0 -0.6243630051612854 
80.0 320.0 1.1210650205612183 
80.0 340.0 -0.0720909833908081 
84.0 0.0 -0.7245110273361206 
84.0 20.0 -0.7254539728164673 
84.0 40.0 2.1603749990463257 
84.0 60.0 0.13033801317214966 
84.0 80.0 -1.1817629933357239 
84.0 100.0 0.14124202728271484 
84.0 120.0 -0.9768000245094299 
84.0 140.0 -0.8655310273170471 
84.0 160.0 -1.4261459708213806 
84.0 180.0 0.14692097902297974 
84.0 200.0 -0.11667501926422119 
84.0 220.0 -0.046132028102874756 
84.0 240.0 -0.5065969824790955 
84.0 260.0 -0.9029880166053772 
84.0 280.0 1.0813519954681396 
84.0 300.0 0.35181498527526855 
84.0 320.0 1.6996210217475891 
84.0 340.0 -0.36413997411727905 
88.0 0.0 0.031006991863250732 
88.0 20.0 -0.6193820238113403 
88.0 40.0 1.7718790173530579 
88.0 60.0 -0.06502997875213623 
88.0 80.0 -0.7804279923439026 
88.0 100.0 0.3018440008163452 
88.0 120.0 -1.2014690041542053 
88.0 140.0 -0.4302600026130676 
88.0 160.0 -1.24958997964859 
88.0 180.0 0.10246402025222778 
88.0 200.0 -0.1150280237197876 
88.0 220.0 0.07260102033615112 
88.0 240.0 0.0312960147857666 
88.0 260.0 -0.6924219727516174 
88.0 280.0 0.6872680187225342 
88.0 300.0 0.4201890230178833 
88.0 320.0 1.1561920046806335 
88.0 340.0 -0.719169020652771 
92.0 0.0 0.061942994594573975 
92.0 20.0 -0.15112197399139404 
92.0 40.0 0.12228000164031982 
92.0 60.0 0.07917499542236328 
92.0 80.0 -0.6750779747962952 
92.0 100.0 0.6857789754867554 
92.0 120.0 0.3248720169067383 
92.0 140.0 1.1447250247001648 
92.0 160.0 -0.72639000415802 
92.0 180.0 -0.027826011180877686 
92.0 200.0 -0.6486189961433411 
92.0 220.0 1.7712950110435486 
92.0 240.0 -0.1613590121269226 
92.0 260.0 -0.7142099738121033 
92.0 280.0 0.2763010263442993 
92.0 300.0 -1.1954219937324524 
92.0 320.0 -0.4423009753227234 
92.0 340.0 -1.2736150026321411 
96.0 0.0 0.05029797554016113 
96.0 20.0 -0.13496899604797363 
96.0 40.0 -0.006389021873474121 
96.0 60.0 -0.5285760164260864 
96.0 80.0 -0.9062389731407166 
96.0 100.0 1.1011099815368652 
96.0 120.0 0.4013659954071045 
96.0 140.0 1.782575011253357 
96.0 160.0 -0.1884869933128357 
96.0 180.0 -0.679498016834259 
96.0 200.0 -0.7623680233955383 
96.0 220.0 2.16354900598526 
96.0 240.0 0.1724730134010315 
96.0 260.0 -1.1721529960632324 
96.0 280.0 0.12634897232055664 
96.0 300.0 -1.0192530155181885 
96.0 320.0 -0.7998030185699463 
96.0 340.0 -1.360656976699829 
100.0 0.0 0.12168198823928833 
100.0 20.0 0.048458993434906006 
100.0 40.0 -1.0584179759025574 
100.0 60.0 -1.1951969861984253 
100.0 80.0 -0.657833993434906 
100.0 100.0 0.8506990075111389 
100.0 120.0 -0.6139649748802185 
100.0 140.0 1.119251012802124 
100.0 160.0 -0.0877770185470581 
100.0 180.0 0.1065639853477478 
100.0 200.0 -0.4936710000038147 
100.0 220.0 -0.7017019987106323 
100.0 240.0 0.02397400140762329 
100.0 260.0 -1.269204020500183 
100.0 280.0 -0.09763002395629883 
100.0 300.0 -0.9203429818153381 
100.0 320.0 -1.5760020017623901 
100.0 340.0 -1.5413749814033508 
104.0 0.0 0.15266799926757812 
104.0 20.0 0.7243049740791321 
104.0 40.0 -1.8711529970169067 
104.0 60.0 -1.7805539965629578 
104.0 80.0 -0.71253901720047 
104.0 100.0 0.21123498678207397 
104.0 120.0 0.06237900257110596 
104.0 140.0 -0.8006150126457214 
104.0 160.0 -0.3726320266723633 
104.0 180.0 -0.5454760193824768 
104.0 200.0 -0.08090800046920776 
104.0 220.0 -0.42063599824905396 
104.0 240.0 -1.148701012134552 
104.0 260.0 -1.7045810222625732 
104.0 280.0 0.08282697200775146 
104.0 300.0 -1.1663749814033508 
104.0 320.0 -1.7227510213851929 
104.0 340.0 -1.5309600234031677 
108.0 0.0 -0.045839011669158936 
108.0 20.0 -0.2421799898147583 
108.0 40.0 -2.428107976913452 
108.0 60.0 -2.037060022354126 
108.0 80.0 -1.0198619961738586 
108.0 100.0 0.39795202016830444 
108.0 120.0 -0.08709698915481567 
108.0 140.0 -0.4658700227737427 
108.0 160.0 -0.29635798931121826 
108.0 180.0 -0.2128090262413025 
108.0 200.0 -0.34506702423095703 
108.0 220.0 -1.0295529961585999 
108.0 240.0 -1.8278489708900452 
108.0 260.0 -1.7112900018692017 
108.0 280.0 -0.4218350052833557 
108.0 300.0 -1.4445559978485107 
108.0 320.0 -2.464299976825714 
108.0 340.0 -1.0075539946556091 
112.0 0.0 -0.27815699577331543 
112.0 20.0 -1.1343770027160645 
112.0 40.0 -2.0896260142326355 
112.0 60.0 -2.788657009601593 
112.0 80.0 -1.437853991985321 
112.0 100.0 0.18097102642059326 
112.0 120.0 -0.8685050010681152 
112.0 140.0 -0.43066102266311646 
112.0 160.0 0.019024014472961426 
112.0 180.0 -0.2827330231666565 
112.0 200.0 -0.7006070017814636 
112.0 220.0 -1.872725009918213 
112.0 240.0 -2.0781890153884888 
112.0 260.0 -1.7882779836654663 
112.0 280.0 -0.6599270105361938 
112.0 300.0 -0.7435359954833984 
112.0 320.0 -2.8551329970359802 
112.0 340.0 -1.6329690217971802 
116.0 0.0 -0.7152069807052612 
116.0 20.0 -1.3573229908943176 
116.0 40.0 -3.4666029810905457 
116.0 60.0 -2.1855639815330505 
116.0 80.0 -1.6621860265731812 
116.0 100.0 0.2931470274925232 
116.0 120.0 -1.0011839866638184 
116.0 140.0 -1.5691879987716675 
116.0 160.0 0.002853989601135254 
116.0 180.0 -0.8819149732589722 
116.0 200.0 -0.8961399793624878 
116.0 220.0 -1.5486400127410889 
116.0 240.0 -2.306451976299286 
116.0 260.0 -2.2751139998435974 
116.0 280.0 -0.7443569898605347 
116.0 300.0 -1.3578979969024658 
116.0 320.0 -3.2588559985160828 
116.0 340.0 -2.1336429715156555 
120.0 0.0 -0.8775749802589417 
120.0 20.0 -1.6126199960708618 
120.0 40.0 -4.155865013599396 
120.0 60.0 -1.9668530225753784 
120.0 80.0 -1.9162529706954956 
120.0 100.0 -0.27484798431396484 
120.0 120.0 -1.145787000656128 
120.0 140.0 -2.5413740277290344 
120.0 160.0 0.04146099090576172 
120.0 180.0 -0.8878260254859924 
120.0 200.0 -1.2770500183105469 
120.0 220.0 -2.2917370200157166 
120.0 240.0 -2.095752000808716 
120.0 260.0 -2.519473969936371 
120.0 280.0 -0.996284008026123 
120.0 300.0 -2.3178589940071106 
120.0 320.0 -3.0239660143852234 
120.0 340.0 -3.1149839758872986 
124.0 0.0 -0.29901397228240967 
124.0 20.0 -1.6578199863433838 
124.0 40.0 -3.0915470123291016 
124.0 60.0 -2.1371909976005554 
124.0 80.0 -1.660942018032074 
124.0 100.0 -0.48849499225616455 
124.0 120.0 -1.7668330073356628 
124.0 140.0 -1.2661640048027039 
124.0 160.0 -0.6642950177192688 
124.0 180.0 -0.5407080054283142 
124.0 200.0 -1.3600369691848755 
124.0 220.0 -2.9382150173187256 
124.0 240.0 -1.4462389945983887 
124.0 260.0 -2.4689199924468994 
124.0 280.0 -1.7943059802055359 
124.0 300.0 -3.8163170218467712 
124.0 320.0 -2.1238380074501038 
124.0 340.0 -2.0375720262527466 
128.0 0.0 -1.3177859783172607 
128.0 20.0 -2.3677340149879456 
128.0 40.0 -2.9855340123176575 
128.0 60.0 -3.3299019932746887 
128.0 80.0 -0.7532299757003784 
128.0 100.0 -1.2330290079116821 
128.0 120.0 -2.54959499835968 
128.0 140.0 -1.7309719920158386 
128.0 160.0 -1.6734949946403503 
128.0 180.0 -0.8078920245170593 
128.0 200.0 -1.7105010151863098 
128.0 220.0 -3.123333990573883 
128.0 240.0 -2.839838981628418 
128.0 260.0 -2.8119450211524963 
128.0 280.0 -2.2058780193328857 
128.0 300.0 -4.360840976238251 
128.0 320.0 -1.5419790148735046 
128.0 340.0 -1.1252179741859436 
132.0 0.0 -1.2975369691848755 
132.0 20.0 -3.2302989959716797 
132.0 40.0 -2.692865014076233 
132.0 60.0 -2.129034996032715 
132.0 80.0 -1.418887972831726 
132.0 100.0 -1.3336970210075378 
132.0 120.0 -2.5886729955673218 
132.0 140.0 -1.2047860026359558 
132.0 160.0 -1.4648460149765015 
132.0 180.0 -1.6630070209503174 
132.0 200.0 -1.937595009803772 
132.0 220.0 -1.9193260073661804 
132.0 240.0 -2.5427989959716797 
132.0 260.0 -2.086417019367218 
132.0 280.0 -1.973917007446289 
132.0 300.0 -3.7375550270080566 
132.0 320.0 -1.9700869917869568 
132.0 340.0 -1.019577980041504 
136.0 0.0 -1.4815719723701477 
136.0 20.0 -2.488416016101837 
136.0 40.0 -2.555783987045288 
136.0 60.0 -1.9020000100135803 
136.0 80.0 -1.9737510085105896 
136.0 100.0 -1.8214849829673767 
136.0 120.0 -3.593110978603363 
136.0 140.0 -1.5639640092849731 
136.0 160.0 -0.49393200874328613 
136.0 180.0 -1.5466930270195007 
136.0 200.0 -3.1594619750976562 
136.0 220.0 -2.770246982574463 
136.0 240.0 -1.8517289757728577 
136.0 260.0 -1.6633579730987549 
136.0 280.0 -1.9433900117874146 
136.0 300.0 -3.2539730072021484 
136.0 320.0 -1.3684020042419434 
136.0 340.0 -1.1240270137786865 
140.0 0.0 -1.5341650247573853 
140.0 20.0 -2.3931400179862976 
140.0 40.0 -2.572310984134674 
140.0 60.0 -2.4446070194244385 
140.0 80.0 -2.502507984638214 
140.0 100.0 -2.1845679879188538 
140.0 120.0 -4.28048700094223 
140.0 140.0 -1.7772859930992126 
140.0 160.0 -1.269998013973236 
140.0 180.0 -0.946357011795044 
140.0 200.0 -2.521243989467621 
140.0 220.0 -3.2763909697532654 
140.0 240.0 -2.679830014705658 
140.0 260.0 -0.9826419949531555 
140.0 280.0 -1.2726110219955444 
140.0 300.0 -2.3562650084495544 
140.0 320.0 -1.1376839876174927 
140.0 340.0 -1.1440150141716003 
144.0 0.0 -0.758683979511261 
144.0 20.0 -1.4662039875984192 
144.0 40.0 -3.2604939937591553 
144.0 60.0 -2.0681049823760986 
144.0 80.0 -2.436937987804413 
144.0 100.0 -2.173102021217346 
144.0 120.0 -4.186507999897003 
144.0 140.0 -1.6751409769058228 
144.0 160.0 -1.1447229981422424 
144.0 180.0 -1.264503002166748 
144.0 200.0 -1.6991440057754517 
144.0 220.0 -2.998117983341217 
144.0 240.0 -2.838501989841461 
144.0 260.0 -0.8653110265731812 
144.0 280.0 -0.6312490105628967 
144.0 300.0 -2.4431470036506653 
144.0 320.0 -1.7251859903335571 
144.0 340.0 -1.830896019935608 
148.0 0.0 -1.0467259883880615 
148.0 20.0 -1.1994439959526062 
148.0 40.0 -2.8832290172576904 
148.0 60.0 -1.8785340189933777 
148.0 80.0 -2.6555339694023132 
148.0 100.0 -1.2674930095672607 
148.0 120.0 -3.0748159885406494 
148.0 140.0 -2.2839199900627136 
148.0 160.0 -2.635239005088806 
148.0 180.0 -0.7882009744644165 
148.0 200.0 -1.3484899997711182 
148.0 220.0 -4.542665004730225 
148.0 240.0 -1.8869789838790894 
148.0 260.0 -1.587257981300354 
148.0 280.0 -0.03827500343322754 
148.0 300.0 -1.385765016078949 
148.0 320.0 -2.4565190076828003 
148.0 340.0 -0.1297140121459961 
152.0 0.0 -0.481719970703125 
152.0 20.0 -0.8170920014381409 
152.0 40.0 -2.0267059803009033 
152.0 60.0 -2.372178018093109 
152.0 80.0 -2.623682975769043 
152.0 100.0 -0.9878039956092834 
152.0 120.0 -1.9252359867095947 
152.0 140.0 -2.948432981967926 
152.0 160.0 -2.555195987224579 
152.0 180.0 -0.8677359819412231 
152.0 200.0 -1.4493809938430786 
152.0 220.0 -3.324441969394684 
152.0 240.0 -2.3761420249938965 
152.0 260.0 -1.715345025062561 
152.0 280.0 -0.0179939866065979 
152.0 300.0 -0.9893400073051453 
152.0 320.0 -2.086295008659363 
152.0 340.0 -0.09706002473831177 
156.0 0.0 -0.5277100205421448 
156.0 20.0 -0.4233059883117676 
156.0 40.0 -1.1652119755744934 
156.0 60.0 -2.038469970226288 
156.0 80.0 -2.0375369787216187 
156.0 100.0 -0.9324579834938049 
156.0 120.0 -0.7635989785194397 
156.0 140.0 -3.1262720227241516 
156.0 160.0 -2.0451939702033997 
156.0 180.0 -0.6670439839363098 
156.0 200.0 -1.2844190001487732 
156.0 220.0 -3.1714919805526733 
156.0 240.0 -2.2816399931907654 
156.0 260.0 -1.5832589864730835 
156.0 280.0 0.07054603099822998 
156.0 300.0 -0.8253009915351868 
156.0 320.0 -1.2928860187530518 
156.0 340.0 0.3495590090751648 
160.0 0.0 -0.660643994808197 
160.0 20.0 -0.33221399784088135 
160.0 40.0 -1.692995011806488 
160.0 60.0 -1.6032009720802307 
160.0 80.0 -1.5906360149383545 
160.0 100.0 -0.3772929906845093 
160.0 120.0 -1.1700209975242615 
160.0 140.0 -2.7921159863471985 
160.0 160.0 -1.248399019241333 
160.0 180.0 0.228223979473114 
160.0 200.0 -0.7227739691734314 
160.0 220.0 -2.4276220202445984 
160.0 240.0 -2.390639007091522 
160.0 260.0 -1.4467790126800537 
160.0 280.0 0.521028995513916 
160.0 300.0 -0.5707269906997681 
160.0 320.0 0.1262199878692627 
160.0 340.0 -0.2535970211029053 
164.0 0.0 -0.6539009809494019 
164.0 20.0 -0.5926700234413147 
164.0 40.0 -0.7797039747238159 
164.0 60.0 -1.4167490005493164 
164.0 80.0 -1.2062249779701233 
164.0 100.0 -0.10464000701904297 
164.0 120.0 -1.515978991985321 
164.0 140.0 -2.0779929757118225 
164.0 160.0 -1.2062510251998901 
164.0 180.0 -0.1552649736404419 
164.0 200.0 -0.007353007793426514 
164.0 220.0 -1.8505949974060059 
164.0 240.0 -1.8787630200386047 
164.0 260.0 -0.7273740172386169 
164.0 280.0 0.2478330135345459 
164.0 300.0 -0.16790199279785156 
164.0 320.0 -1.0079370141029358 
164.0 340.0 -0.5571860074996948 
168.0 0.0 0.011519014835357666 
168.0 20.0 -0.6611480116844177 
168.0 40.0 -0.002357006072998047 
168.0 60.0 -0.45955902338027954 
168.0 80.0 -1.4156330227851868 
168.0 100.0 -0.04850602149963379 
168.0 120.0 -0.8092100024223328 
168.0 140.0 -1.4199180006980896 
168.0 160.0 -1.199995994567871 
168.0 180.0 0.2237110137939453 
168.0 200.0 0.3055030107498169 
168.0 220.0 -1.259220004081726 
168.0 240.0 -1.552394986152649 
168.0 260.0 -0.7848280072212219 
168.0 280.0 0.30873602628707886 
168.0 300.0 -0.4569219946861267 
168.0 320.0 0.37663400173187256 
168.0 340.0 -0.14407402276992798 
172.0 0.0 -0.203141987323761 
172.0 20.0 -1.0943689942359924 
172.0 40.0 1.7012519836425781 
172.0 60.0 -0.215378999710083 
172.0 80.0 -1.068207025527954 
172.0 100.0 0.17520397901535034 
172.0 120.0 -0.8980839848518372 
172.0 140.0 -1.1871879696846008 
172.0 160.0 -1.7430599927902222 
172.0 180.0 0.21338200569152832 
172.0 200.0 0.09070402383804321 
172.0 220.0 -0.3912460207939148 
172.0 240.0 -0.8985520005226135 
172.0 260.0 -0.9554929733276367 
172.0 280.0 0.9302210211753845 
172.0 300.0 -0.38631099462509155 
172.0 320.0 1.2305970191955566 
172.0 340.0 -0.01264500617980957 
176.0 0.0 -0.535677969455719 
176.0 20.0 -0.8809639811515808 
176.0 40.0 1.9327239990234375 
176.0 60.0 0.3473150134086609 
176.0 80.0 -0.6977409720420837 
176.0 100.0 0.178600013256073 
176.0 120.0 -0.6373389959335327 
176.0 140.0 -0.5685009956359863 
176.0 160.0 -1.0321409702301025 
176.0 180.0 -0.11704099178314209 
176.0 200.0 0.04662197828292847 
176.0 220.0 -0.07574301958084106 
176.0 240.0 -0.024142980575561523 
176.0 260.0 -0.7469850182533264 
176.0 280.0 0.9836739897727966 
176.0 300.0 0.9328849911689758 
176.0 320.0 1.400402009487152 
176.0 340.0 -0.25684499740600586 
180.0 0.0 0.028545022010803223 
