0.0 0.0 0.6137699999999313 
4.0 0.0 0.6786999999994805 
4.0 20.0 0.7705479999995077 
4.0 40.0 0.6548629999997502 
4.0 60.0 0.7319799999995666 
4.0 80.0 -0.007184000000052038 
4.0 100.0 1.7478809999993246 
4.0 120.0 1.5875529999993887 
4.0 140.0 2.052212999999938 
4.0 160.0 0.3662690000001021 
4.0 180.0 0.05626299999948969 
4.0 200.0 -0.23211100000025908 
4.0 220.0 2.701194999999643 
4.0 240.0 1.1113729999997304 
4.0 260.0 0.006507999999485037 
4.0 280.0 0.8375959999993938 
4.0 300.0 0.019359999999323918 
4.0 320.0 0.22287199999937002 
4.0 340.0 -0.3135820000006788 
8.0 0.0 0.992764999999963 
8.0 20.0 0.8151399999997011 
8.0 40.0 0.45583499999975174 
8.0 60.0 -0.0781940000006216 
8.0 80.0 -0.13258000000041648 
8.0 100.0 1.6290079999998852 
8.0 120.0 0.21011799999996583 
8.0 140.0 1.9149469999993016 
8.0 160.0 0.9559279999994033 
8.0 180.0 0.5528919999997015 
8.0 200.0 -0.20395100000041566 
8.0 220.0 2.3658129999994344 
8.0 240.0 0.49739899999985937 
8.0 260.0 -0.31174600000031205 
8.0 280.0 0.9687989999993079 
8.0 300.0 -0.22940600000038103 
8.0 320.0 -0.3739300000006551 
8.0 340.0 -0.9648070000002917 
12.0 0.0 1.0025919999998223 
12.0 20.0 1.1297649999996793 
12.0 40.0 -0.49999600000046485 
12.0 60.0 -0.799391999999898 
12.0 80.0 -0.10695800000030431 
12.0 100.0 1.064622999999301 
12.0 120.0 0.3518709999998464 
12.0 140.0 1.0690719999993235 
12.0 160.0 0.6427009999997608 
12.0 180.0 0.8168539999996938 
12.0 200.0 0.158198000000084 
12.0 220.0 0.7590419999996811 
12.0 240.0 0.39731599999959144 
12.0 260.0 -0.639407000000574 
12.0 280.0 0.7793859999992492 
12.0 300.0 -0.07243500000004133 
12.0 320.0 -0.6614410000001953 
12.0 340.0 -0.4453780000003462 
16.0 0.0 0.5854099999996834 
16.0 20.0 0.8350510000000213 
16.0 40.0 -1.0198860000000423 
16.0 60.0 -0.9421080000001893 
16.0 80.0 0.13494399999945017 
16.0 100.0 0.9124899999997069 
16.0 120.0 0.628697000000102 
16.0 140.0 -0.053791000000273925 
16.0 160.0 0.3378439999996772 
16.0 180.0 0.16662199999973382 
16.0 200.0 0.1098889999993844 
16.0 220.0 -0.02474800000072719 
16.0 240.0 -0.38607600000068487 
16.0 260.0 -0.6329359999999724 
16.0 280.0 0.5918739999997342 
16.0 300.0 -0.7287310000001526 
16.0 320.0 -1.3628109999999651 
16.0 340.0 -0.3360720000000583 
20.0 0.0 1.0136359999996785 
20.0 20.0 0.01845099999991362 
20.0 40.0 -1.5899300000000949 
20.0 60.0 -1.5846870000004856 
20.0 80.0 -0.7408210000003237 
20.0 100.0 1.2097949999997581 
20.0 120.0 0.2630959999996776 
20.0 140.0 0.8299689999994371 
20.0 160.0 0.6434579999995549 
20.0 180.0 0.16632099999969796 
20.0 200.0 0.4627039999995759 
20.0 220.0 -0.8513740000007601 
20.0 240.0 -0.7603410000001531 
20.0 260.0 -0.8496020000002318 
20.0 280.0 0.2398379999995086 
20.0 300.0 -0.43861500000002707 
20.0 320.0 -2.0597889999999097 
20.0 340.0 -0.4284700000007433 
24.0 0.0 0.183245999999599 
24.0 20.0 -0.3823150000007445 
24.0 40.0 -2.373865999999907 
24.0 60.0 -1.5349530000003142 
24.0 80.0 -0.7512020000003758 
24.0 100.0 0.8667629999999917 
24.0 120.0 -0.027982999999949243 
24.0 140.0 -0.5140440000004673 
24.0 160.0 1.2270629999993616 
24.0 180.0 0.2659909999993033 
24.0 200.0 0.41813099999944825 
24.0 220.0 -0.29212600000028033 
24.0 240.0 -1.2561840000007578 
24.0 260.0 -1.2991240000001198 
24.0 280.0 -0.056075000000419095 
24.0 300.0 0.020990999999412452 
24.0 320.0 -2.4345170000005965 
24.0 340.0 -1.3276530000002822 
28.0 0.0 -0.09648100000049453 
28.0 20.0 -0.8472320000000764 
28.0 40.0 -2.7001570000002175 
28.0 60.0 -1.6125720000000001 
28.0 80.0 -1.022660999999971 
28.0 100.0 0.7005339999996067 
28.0 120.0 -0.167409000000589 
28.0 140.0 -1.3078480000003765 
28.0 160.0 0.7457389999999577 
28.0 180.0 0.3536789999998291 
28.0 200.0 0.03519299999970826 
28.0 220.0 -1.1926490000005288 
28.0 240.0 -1.63717700000052 
28.0 260.0 -1.8476129999999102 
28.0 280.0 -0.1701710000006642 
28.0 300.0 -1.1198420000000624 
28.0 320.0 -2.0959430000002612 
28.0 340.0 -1.7822249999999258 
32.0 0.0 -0.05153500000051281 
32.0 20.0 -0.5851190000003044 
32.0 40.0 -3.710308000000623 
32.0 60.0 -1.2964750000001004 
32.0 80.0 -0.8245430000006309 
32.0 100.0 0.7288309999994453 
32.0 120.0 -0.6047050000006493 
32.0 140.0 -1.7160229999999501 
32.0 160.0 0.9030739999998332 
32.0 180.0 -0.13391800000044896 
32.0 200.0 -0.33816400000068825 
32.0 220.0 -2.1556209999998828 
32.0 240.0 -0.9788550000002942 
32.0 260.0 -1.8346330000003945 
32.0 280.0 -0.5152690000004441 
32.0 300.0 -2.3577500000001237 
32.0 320.0 -1.450542000000496 
32.0 340.0 -1.8390400000007503 
36.0 0.0 -0.5428850000007515 
36.0 20.0 -0.9538900000006834 
36.0 40.0 -2.235540000000583 
36.0 60.0 -2.188571000000593 
36.0 80.0 -0.06736499999988155 
36.0 100.0 0.15009899999949994 
36.0 120.0 -1.6642780000001949 
36.0 140.0 -0.8588200000003781 
36.0 160.0 -1.1330740000003061 
36.0 180.0 0.06565799999953015 
36.0 200.0 -0.712308000000121 
36.0 220.0 -2.564189000000624 
36.0 240.0 -1.307122000000163 
36.0 260.0 -1.7731119999998555 
36.0 280.0 -1.4513820000001942 
36.0 300.0 -3.4328709999999774 
36.0 320.0 -0.9434590000000753 
36.0 340.0 -0.35447300000032556 
40.0 0.0 -0.14778300000034506 
40.0 20.0 -1.806933000000754 
40.0 40.0 -2.5036700000000565 
40.0 60.0 -1.8937430000005406 
40.0 80.0 -0.28873600000042643 
40.0 100.0 -0.36747400000058406 
40.0 120.0 -1.5443080000004556 
40.0 140.0 -0.43334800000047835 
40.0 160.0 -0.49771099999998114 
40.0 180.0 -0.6414380000005622 
40.0 200.0 -1.579171000000315 
40.0 220.0 -1.7640049999999974 
40.0 240.0 -1.7562880000004952 
40.0 260.0 -1.7909610000006069 
40.0 280.0 -1.348189000000275 
40.0 300.0 -3.501444000000447 
40.0 320.0 -0.929164000000128 
40.0 340.0 -0.5128010000007635 
44.0 0.0 -0.88521800000035 
44.0 20.0 -2.4406370000006063 
44.0 40.0 -1.9442300000000614 
44.0 60.0 -1.1415569999999207 
44.0 80.0 -0.8411300000007031 
44.0 100.0 -1.0949020000007295 
44.0 120.0 -2.42684300000019 
44.0 140.0 -0.7372030000005907 
44.0 160.0 -0.4126489999998739 
44.0 180.0 -0.647291000000223 
44.0 200.0 -1.7153650000000198 
44.0 220.0 -1.7517619999998715 
44.0 240.0 -1.0923470000007 
44.0 260.0 -1.1452210000006744 
44.0 280.0 -0.9603540000007342 
44.0 300.0 -2.9174800000000687 
44.0 320.0 -0.7950510000000577 
44.0 340.0 0.2035409999998592 
48.0 0.0 -0.9235960000005434 
48.0 20.0 -1.2480089999999109 
48.0 40.0 -1.1419560000003912 
48.0 60.0 -1.7708400000001348 
48.0 80.0 -1.3102939999998853 
48.0 100.0 -1.1739480000005642 
48.0 120.0 -2.9423900000001595 
48.0 140.0 -1.16689100000076 
48.0 160.0 -0.14606000000003405 
48.0 180.0 -0.4361170000001948 
48.0 200.0 -2.5307760000005146 
48.0 220.0 -1.8389700000006997 
48.0 240.0 -1.376430000000255 
48.0 260.0 -0.4944810000006328 
48.0 280.0 -0.48878400000012334 
48.0 300.0 -1.8269250000003012 
48.0 320.0 -0.3708020000003671 
48.0 340.0 -0.7519820000006803 
52.0 0.0 0.026108000000022002 
52.0 20.0 -0.8713150000003225 
52.0 40.0 -2.3957310000005236 
52.0 60.0 -2.1242580000007365 
52.0 80.0 -2.0431160000007367 
52.0 100.0 -1.2809470000001966 
52.0 120.0 -3.663282999999865 
52.0 140.0 -0.7728030000007493 
52.0 160.0 -0.39175500000055763 
52.0 180.0 -0.49994300000071235 
52.0 200.0 -1.6788870000000315 
52.0 220.0 -2.226690000000417 
52.0 240.0 -2.623919000000569 
52.0 260.0 -0.0018810000001394656 
52.0 280.0 -0.38568000000032043 
52.0 300.0 -1.7468220000000656 
52.0 320.0 -1.0739950000006502 
52.0 340.0 -0.954674999999952 
56.0 0.0 0.14695399999982328 
56.0 20.0 -0.5817190000007031 
56.0 40.0 -2.1458339999999225 
56.0 60.0 -0.6948840000004566 
56.0 80.0 -1.7268199999998615 
56.0 100.0 -1.036019000000124 
56.0 120.0 -3.207973999999922 
56.0 140.0 -1.3471920000001774 
56.0 160.0 -1.3241440000001603 
56.0 180.0 0.4656649999997171 
56.0 200.0 -0.8912970000001224 
56.0 220.0 -2.3224340000006123 
56.0 240.0 -1.4201990000001388 
56.0 260.0 -0.8127580000000307 
56.0 280.0 0.3784799999993993 
56.0 300.0 -0.9135590000005323 
56.0 320.0 -0.5507750000006126 
56.0 340.0 0.050985999999284104 
60.0 0.0 -0.173373000000538 
60.0 20.0 -0.5644350000002305 
60.0 40.0 -1.5685980000007476 
60.0 60.0 -1.3680199999998877 
60.0 80.0 -1.7868630000002668 
60.0 100.0 -0.2167200000003504 
60.0 120.0 -1.5352990000001228 
60.0 140.0 -2.2708000000002357 
60.0 160.0 -2.35287900000003 
60.0 180.0 -0.042484999999942374 
60.0 200.0 -0.878805000000284 
60.0 220.0 -3.3219460000000254 
60.0 240.0 -1.2572850000005928 
60.0 260.0 -1.2369440000002214 
60.0 280.0 0.48485600000003615 
60.0 300.0 -0.3446940000003451 
60.0 320.0 -1.8359350000000632 
60.0 340.0 0.7395769999993718 
64.0 0.0 -0.13044600000011997 
64.0 20.0 -0.128088000000389 
64.0 40.0 -0.7607850000003964 
64.0 60.0 -1.574376000000484 
64.0 80.0 -1.489650000000438 
64.0 100.0 0.012811999999939871 
64.0 120.0 -0.5337980000003881 
64.0 140.0 -2.517749999999978 
64.0 160.0 -1.3719449999998687 
64.0 180.0 0.040407999999843014 
64.0 200.0 -0.4975899999999456 
64.0 220.0 -2.5735190000004877 
64.0 240.0 -1.4360090000000127 
64.0 260.0 -0.9035960000001069 
64.0 280.0 0.9243419999993421 
64.0 300.0 -0.18919600000026549 
64.0 320.0 -0.8863140000003114 
64.0 340.0 0.7151999999996406 
68.0 0.0 0.2489159999995536 
68.0 20.0 0.06707899999946676 
68.0 40.0 -1.0924060000006648 
68.0 60.0 -1.2879130000001169 
68.0 80.0 -1.0725790000005873 
68.0 100.0 0.08969399999932648 
68.0 120.0 0.04801299999962794 
68.0 140.0 -2.1669470000006186 
68.0 160.0 -0.8735700000006545 
68.0 180.0 0.442244999999275 
68.0 200.0 -0.30395099999986996 
68.0 220.0 -1.253736000000572 
68.0 240.0 -2.1052340000005643 
68.0 260.0 -0.7288600000001679 
68.0 280.0 0.8756359999997585 
68.0 300.0 -0.10712100000000646 
68.0 320.0 0.3128969999997935 
68.0 340.0 0.7194609999996828 
72.0 0.0 0.556163999999626 
72.0 20.0 0.39570199999980105 
72.0 40.0 -0.23274100000071485 
72.0 60.0 -1.0570960000004561 
72.0 80.0 -0.9759050000002389 
72.0 100.0 0.34727899999961664 
72.0 120.0 -0.7524120000007315 
72.0 140.0 -1.6564940000007482 
72.0 160.0 -0.14917200000036246 
72.0 180.0 0.6878719999995155 
72.0 200.0 0.5492369999992661 
72.0 220.0 -1.690312000000631 
72.0 240.0 -1.3244080000004033 
72.0 260.0 -0.31514700000025186 
72.0 280.0 1.1296869999996488 
72.0 300.0 0.567152999999962 
72.0 320.0 0.3245809999998528 
72.0 340.0 0.287159999999858 
76.0 0.0 0.2423739999994723 
76.0 20.0 0.5771219999996902 
76.0 40.0 0.29525099999955273 
76.0 60.0 -0.32806800000071235 
76.0 80.0 -0.9117910000004485 
76.0 100.0 0.7778539999999339 
76.0 120.0 -0.3906839999999647 
76.0 140.0 -0.9793870000003153 
76.0 160.0 -0.8309220000001005 
76.0 180.0 0.9260189999995418 
76.0 200.0 1.4696059999996578 
76.0 220.0 -1.2631780000001527 
76.0 240.0 -0.9424180000005435 
76.0 260.0 0.044182999999975436 
76.0 280.0 0.9311539999998786 
76.0 300.0 0.8198139999994964 
76.0 320.0 -6.900000062159961e-05 
76.0 340.0 0.26981999999952677 
80.0 0.0 0.90435399999933 
80.0 20.0 0.23208599999998114 
80.0 40.0 -0.030494000000544474 
80.0 60.0 0.7605219999995825 
80.0 80.0 -0.537731000000349 
80.0 100.0 0.6338219999997818 
80.0 120.0 -0.2829280000005383 
80.0 140.0 -0.8751400000001013 
80.0 160.0 -0.8094559999999547 
80.0 180.0 0.9676669999998921 
80.0 200.0 0.7716959999997925 
80.0 220.0 -0.29260900000008405 
80.0 240.0 -0.4795620000004419 
80.0 260.0 0.13563599999997678 
80.0 280.0 1.5545429999992848 
80.0 300.0 0.12334099999952741 
80.0 320.0 1.868768999999702 
80.0 340.0 0.67561299999943 
84.0 0.0 0.023192999999992026 
84.0 20.0 0.022249999999985448 
84.0 40.0 2.908078999999816 
84.0 60.0 0.8780419999993683 
84.0 80.0 -0.4340590000001612 
84.0 100.0 0.8889460000000327 
84.0 120.0 -0.22909600000002683 
84.0 140.0 -0.11782700000003388 
84.0 160.0 -0.6784420000003593 
84.0 180.0 0.8946249999999054 
84.0 200.0 0.631029000000126 
84.0 220.0 0.7015719999999419 
84.0 240.0 0.24110699999982899 
84.0 260.0 -0.15528400000039255 
84.0 280.0 1.8290559999995821 
84.0 300.0 1.0995189999994182 
84.0 320.0 2.4473250000000917 
84.0 340.0 0.3835639999997511 
88.0 0.0 0.7787109999999302 
88.0 20.0 0.12832199999957083 
88.0 40.0 2.5195829999993293 
88.0 60.0 0.6826739999996789 
88.0 80.0 -0.03272400000059861 
88.0 100.0 1.0495479999999588 
88.0 120.0 -0.45376500000020314 
88.0 140.0 0.31744399999934103 
88.0 160.0 -0.5018860000000132 
88.0 180.0 0.8501679999999396 
88.0 200.0 0.6326759999992646 
88.0 220.0 0.82030499999928 
88.0 240.0 0.7789999999995416 
88.0 260.0 0.05528199999935168 
88.0 280.0 1.4349720000000161 
88.0 300.0 1.1678929999998218 
88.0 320.0 1.9038959999998042 
88.0 340.0 0.02853499999946507 
92.0 0.0 0.8096470000000409 
92.0 20.0 0.5965820000001258 
92.0 40.0 0.8699839999999313 
92.0 60.0 0.8268789999992805 
92.0 80.0 0.07262600000012753 
92.0 100.0 1.4334829999997964 
92.0 120.0 1.0725759999995716 
92.0 140.0 1.892428999999538 
92.0 160.0 0.021313999999620137 
92.0 180.0 0.7198779999998806 
92.0 200.0 0.09908499999983178 
92.0 220.0 2.5189989999998943 
92.0 240.0 0.5863449999997101 
92.0 260.0 0.033493999999336665 
92.0 280.0 1.0240049999993062 
92.0 300.0 -0.44771800000035 
92.0 320.0 0.30540299999938725 
92.0 340.0 -0.5259110000006331 
96.0 0.0 0.798001999999542 
96.0 20.0 0.6127349999997023 
96.0 40.0 0.7413149999993038 
96.0 60.0 0.21912799999972776 
96.0 80.0 -0.1585350000004837 
96.0 100.0 1.8488139999999476 
96.0 120.0 1.1490699999994831 
96.0 140.0 2.5302789999996094 
96.0 160.0 0.5592169999999896 
96.0 180.0 0.06820599999991828 
96.0 200.0 -0.014664000000266242 
96.0 220.0 2.9112529999993058 
96.0 240.0 0.9201769999999669 
96.0 260.0 -0.4244490000000951 
96.0 280.0 0.8740529999995488 
96.0 300.0 -0.27154900000005 
96.0 320.0 -0.05209900000045309 
96.0 340.0 -0.6129530000007435 
100.0 0.0 0.8693859999993947 
100.0 20.0 0.7961629999999786 
100.0 40.0 -0.3107140000001891 
100.0 60.0 -0.447493000000577 
100.0 80.0 0.08986999999979162 
100.0 100.0 1.598402999999962 
100.0 120.0 0.1337389999998777 
100.0 140.0 1.866954999999507 
100.0 160.0 0.6599269999996977 
100.0 180.0 0.8542680000000473 
100.0 200.0 0.25403299999925366 
100.0 220.0 0.04600200000004406 
100.0 240.0 0.7716780000000654 
100.0 260.0 -0.5215000000007421 
100.0 280.0 0.6500740000001315 
100.0 300.0 -0.17263900000034482 
100.0 320.0 -0.828298000000359 
100.0 340.0 -0.7936710000003586 
104.0 0.0 0.9003720000000612 
104.0 20.0 1.472009000000071 
104.0 40.0 -1.123449000000619 
104.0 60.0 -1.0328500000005079 
104.0 80.0 0.03516499999932421 
104.0 100.0 0.9589390000001004 
104.0 120.0 0.8100829999993948 
104.0 140.0 -0.05291100000067672 
104.0 160.0 0.3750719999998182 
104.0 180.0 0.20222800000010466 
104.0 200.0 0.6667959999995219 
104.0 220.0 0.3270679999995991 
104.0 240.0 -0.4009970000006433 
104.0 260.0 -0.9568770000005316 
104.0 280.0 0.8305309999996098 
104.0 300.0 -0.4186710000003586 
104.0 320.0 -0.9750469999999041 
104.0 340.0 -0.7832560000006197 
108.0 0.0 0.701864999999998 
108.0 20.0 0.5055239999992409 
108.0 40.0 -1.6804040000006353 
108.0 60.0 -1.2893560000002253 
108.0 80.0 -0.2721580000006725 
108.0 100.0 1.1456559999996898 
108.0 120.0 0.6606069999997999 
108.0 140.0 0.28183399999943504 
108.0 160.0 0.4513459999998304 
108.0 180.0 0.5348949999997785 
108.0 200.0 0.4026370000001407 
108.0 220.0 -0.2818489999999656 
108.0 240.0 -1.0801449999999022 
108.0 260.0 -0.9635860000007597 
108.0 280.0 0.3258689999993294 
108.0 300.0 -0.6968520000000353 
108.0 320.0 -1.7165960000002087 
108.0 340.0 -0.2598500000003696 
112.0 0.0 0.46954699999969307 
112.0 20.0 -0.3866729999999734 
112.0 40.0 -1.3419220000005225 
112.0 60.0 -2.040953000000627 
112.0 80.0 -0.690150000000358 
112.0 100.0 0.928675000000112 
112.0 120.0 -0.12080100000002858 
112.0 140.0 0.3170430000000124 
112.0 160.0 0.7667279999996026 
112.0 180.0 0.46497099999942293 
112.0 200.0 0.04709699999966688 
112.0 220.0 -1.1250210000007428 
112.0 240.0 -1.330485000000408 
112.0 260.0 -1.0405740000005608 
112.0 280.0 0.08777699999973265 
112.0 300.0 0.004167999999481253 
112.0 320.0 -2.107429000000593 
112.0 340.0 -0.8852649999998903 
116.0 0.0 0.03249699999923905 
116.0 20.0 -0.6096190000007482 
116.0 40.0 -2.7188990000004196 
116.0 60.0 -1.4378600000000006 
116.0 80.0 -0.9144820000001346 
116.0 100.0 1.0408509999997477 
116.0 120.0 -0.2534800000003088 
116.0 140.0 -0.821484000000055 
116.0 160.0 0.750557999999728 
116.0 180.0 -0.134211000000505 
116.0 200.0 -0.1484360000004017 
116.0 220.0 -0.8009360000005472 
116.0 240.0 -1.558748000000378 
116.0 260.0 -1.5274100000006001 
116.0 280.0 0.0033469999998487765 
116.0 300.0 -0.6101939999998649 
116.0 320.0 -2.5111520000000382 
116.0 340.0 -1.3859390000006897 
120.0 0.0 -0.12987100000009377 
120.0 20.0 -0.8649160000004485 
120.0 40.0 -3.408161000000291 
120.0 60.0 -1.2191490000004706 
120.0 80.0 -1.1685489999999845 
120.0 100.0 0.4728559999994104 
120.0 120.0 -0.3980830000000424 
120.0 140.0 -1.79367000000002 
120.0 160.0 0.7891650000001391 
120.0 180.0 -0.14012200000070152 
120.0 200.0 -0.5293460000002597 
120.0 220.0 -1.5440330000001268 
120.0 240.0 -1.3480480000007447 
120.0 260.0 -1.7717700000002878 
120.0 280.0 -0.24858000000040192 
120.0 300.0 -1.5701550000003408 
120.0 320.0 -2.2762620000003153 
120.0 340.0 -2.3672800000003917 
124.0 0.0 0.4486899999992602 
124.0 20.0 -0.9101160000000164 
124.0 40.0 -2.343843000000561 
124.0 60.0 -1.389487000000372 
124.0 80.0 -0.9132380000000921 
124.0 100.0 0.25920899999982794 
124.0 120.0 -1.0191290000002482 
124.0 140.0 -0.518460000000232 
124.0 160.0 0.08340899999984686 
124.0 180.0 0.20699599999989005 
124.0 200.0 -0.6123330000000351 
124.0 220.0 -2.190511000000697 
124.0 240.0 -0.6985350000004473 
124.0 260.0 -1.721215999999913 
124.0 280.0 -1.0466020000003482 
124.0 300.0 -3.0686130000003686 
124.0 320.0 -1.3761340000000928 
124.0 340.0 -1.2898680000007516 
128.0 0.0 -0.570082000000184 
128.0 20.0 -1.6200300000000425 
128.0 40.0 -2.237830000000031 
128.0 60.0 -2.582198000000062 
128.0 80.0 -0.005525999999917985 
128.0 100.0 -0.48532500000055734 
128.0 120.0 -1.8018910000000687 
128.0 140.0 -0.9832679999999527 
128.0 160.0 -0.9257910000005722 
128.0 180.0 -0.06018800000038027 
128.0 200.0 -0.9627970000001369 
128.0 220.0 -2.3756300000004558 
128.0 240.0 -2.092134999999871 
128.0 260.0 -2.064241000000038 
128.0 280.0 -1.4581740000003265 
128.0 300.0 -3.613137000000279 
128.0 320.0 -0.7942750000001979 
128.0 340.0 -0.37751400000070134 
132.0 0.0 -0.5498330000000351 
132.0 20.0 -2.4825950000004013 
132.0 40.0 -1.945161000000553 
132.0 60.0 -1.3813310000005004 
132.0 80.0 -0.6711840000007214 
132.0 100.0 -0.5859930000005988 
132.0 120.0 -1.840968999999859 
132.0 140.0 -0.4570819999999003 
132.0 160.0 -0.7171420000004218 
132.0 180.0 -0.9153030000006765 
132.0 200.0 -1.1898909999999887 
132.0 220.0 -1.1716220000007525 
132.0 240.0 -1.7950950000004013 
132.0 260.0 -1.338713000000098 
132.0 280.0 -1.226212999999916 
132.0 300.0 -2.9898510000002716 
132.0 320.0 -1.2223830000002636 
132.0 340.0 -0.27187400000002526 
136.0 0.0 -0.7338680000002569 
136.0 20.0 -1.7407120000007126 
136.0 40.0 -1.8080800000007002 
136.0 60.0 -1.1542960000006133 
136.0 80.0 -1.2260470000001078 
136.0 100.0 -1.0737810000000536 
136.0 120.0 -2.845407000000705 
136.0 140.0 -0.8162600000005114 
136.0 160.0 0.2537720000000263 
136.0 180.0 -0.7989889999998923 
136.0 200.0 -2.411758000000191 
136.0 220.0 -2.0225430000000415 
136.0 240.0 -1.1040250000005472 
136.0 260.0 -0.9156540000003588 
136.0 280.0 -1.1956860000000233 
136.0 300.0 -2.5062690000004295 
136.0 320.0 -0.6206980000006297 
136.0 340.0 -0.3763230000004114 
140.0 0.0 -0.7864610000005996 
140.0 20.0 -1.6454360000007 
140.0 40.0 -1.8246070000004693 
140.0 60.0 -1.6969030000000203 
140.0 80.0 -1.7548040000001492 
140.0 100.0 -1.4368640000002415 
140.0 120.0 -3.5327830000005633 
140.0 140.0 -1.0295820000001186 
140.0 160.0 -0.5222940000003291 
140.0 180.0 -0.19865300000037678 
140.0 200.0 -1.7735400000001391 
140.0 220.0 -2.528686999999991 
140.0 240.0 -1.9321260000006077 
140.0 260.0 -0.23493800000051124 
140.0 280.0 -0.5249069999999847 
140.0 300.0 -1.6085610000000088 
140.0 320.0 -0.38997999999992317 
140.0 340.0 -0.3963110000004235 
144.0 0.0 -0.010980000000017753 
144.0 20.0 -0.7184999999999491 
144.0 40.0 -2.5127900000006775 
144.0 60.0 -1.320400999999947 
144.0 80.0 -1.689234000000397 
144.0 100.0 -1.425398000000314 
144.0 120.0 -3.4388040000003457 
144.0 140.0 -0.9274370000002818 
144.0 160.0 -0.39701900000000023 
144.0 180.0 -0.5167989999999918 
144.0 200.0 -0.9514400000007299 
144.0 220.0 -2.2504140000000916 
144.0 240.0 -2.090798000000177 
144.0 260.0 -0.11760700000013458 
144.0 280.0 0.11645499999940512 
144.0 300.0 -1.6954430000005232 
144.0 320.0 -0.9774820000002364 
144.0 340.0 -1.0831920000000537 
148.0 0.0 -0.29902200000015 
148.0 20.0 -0.45174000000042724 
148.0 40.0 -2.135525000000598 
148.0 60.0 -1.13083000000006 
148.0 80.0 -1.9078300000001036 
148.0 100.0 -0.5197889999999461 
148.0 120.0 -2.327111999999943 
148.0 140.0 -1.5362160000004224 
148.0 160.0 -1.887535000000753 
148.0 180.0 -0.04049699999995937 
148.0 200.0 -0.600785999999971 
148.0 220.0 -3.7949610000005123 
148.0 240.0 -1.1392750000004526 
148.0 260.0 -0.8395540000001347 
148.0 280.0 0.7094289999995453 
148.0 300.0 -0.6380610000005618 
148.0 320.0 -1.7088149999999587 
148.0 340.0 0.617989999999736 
152.0 0.0 0.26598399999966205 
152.0 20.0 -0.06938799999988987 
152.0 40.0 -1.2790020000002187 
152.0 60.0 -1.6244740000001912 
152.0 80.0 -1.8759790000003704 
152.0 100.0 -0.240099999999984 
152.0 120.0 -1.1775320000006104 
152.0 140.0 -2.2007290000001376 
152.0 160.0 -1.807491999999911 
152.0 180.0 -0.12003200000071956 
152.0 200.0 -0.7016770000000179 
152.0 220.0 -2.5767380000006597 
152.0 240.0 -1.6284380000006422 
152.0 260.0 -0.9676410000001852 
152.0 280.0 0.7297099999996135 
152.0 300.0 -0.24163600000065344 
152.0 320.0 -1.3385910000006334 
152.0 340.0 0.6506439999993745 
156.0 0.0 0.21999400000004243 
156.0 20.0 0.3243979999997464 
156.0 40.0 -0.41750800000045274 
156.0 60.0 -1.290766000000076 
156.0 80.0 -1.2898330000007263 
156.0 100.0 -0.1847539999998844 
156.0 120.0 -0.015895000000455184 
156.0 140.0 -2.3785680000000866 
156.0 160.0 -1.2974899999999252 
156.0 180.0 0.08065999999962514 
156.0 200.0 -0.5367150000001857 
156.0 220.0 -2.4237880000000587 
156.0 240.0 -1.5339360000007218 
156.0 260.0 -0.8355550000005678 
156.0 280.0 0.8182499999993524 
156.0 300.0 -0.07759700000042358 
156.0 320.0 -0.5451820000007501 
156.0 340.0 1.097262999999657 
160.0 0.0 0.0870599999998376 
160.0 20.0 0.4154899999994086 
160.0 40.0 -0.9452909999999974 
160.0 60.0 -0.8554970000004687 
160.0 80.0 -0.8429320000004736 
160.0 100.0 0.37041099999987637 
160.0 120.0 -0.4223170000004757 
160.0 140.0 -2.044412000000193 
160.0 160.0 -0.5006950000006327 
160.0 180.0 0.9759279999998398 
160.0 200.0 0.02492999999958556 
160.0 220.0 -1.6799180000007254 
160.0 240.0 -1.6429350000007616 
160.0 260.0 -0.6990750000004482 
160.0 280.0 1.2687329999998838 
160.0 300.0 0.176977000000079 
160.0 320.0 0.8739239999995334 
160.0 340.0 0.49410699999953067 
164.0 0.0 0.0938029999997525 
164.0 20.0 0.15503399999943213 
164.0 40.0 -0.032000000000152795 
164.0 60.0 -0.6690450000005512 
164.0 80.0 -0.4585210000004736 
164.0 100.0 0.6430639999998675 
164.0 120.0 -0.768275000000358 
164.0 140.0 -1.3302890000004481 
164.0 160.0 -0.45854700000018056 
164.0 180.0 0.592439000000013 
164.0 200.0 0.740350999999464 
164.0 220.0 -1.1028910000004544 
164.0 240.0 -1.1310590000002776 
164.0 260.0 0.020329999999376014 
164.0 280.0 0.9955369999997856 
164.0 300.0 0.5798019999992903 
164.0 320.0 -0.26023299999997107 
164.0 340.0 0.19051799999942887 
168.0 0.0 0.75922300000002 
168.0 20.0 0.08655599999929109 
168.0 40.0 0.745347000000038 
168.0 60.0 0.28814499999953114 
168.0 80.0 -0.6679290000001856 
168.0 100.0 0.6991979999993418 
168.0 120.0 -0.0615060000000085 
168.0 140.0 -0.6722140000001673 
168.0 160.0 -0.4522919999999431 
168.0 180.0 0.971414999999979 
168.0 200.0 1.0532069999999294 
168.0 220.0 -0.5115160000004835 
168.0 240.0 -0.8046910000002754 
168.0 260.0 -0.03712400000040361 
168.0 280.0 1.0564399999993839 
168.0 300.0 0.2907820000000356 
168.0 320.0 1.124337999999625 
168.0 340.0 0.6036299999996118 
172.0 0.0 0.5445620000000417 
172.0 20.0 -0.34666500000003 
172.0 40.0 2.4489559999992707 
172.0 60.0 0.5323250000001281 
172.0 80.0 -0.32050299999991694 
172.0 100.0 0.922907999999552 
172.0 120.0 -0.15038000000004104 
172.0 140.0 -0.43948400000044785 
172.0 160.0 -0.9953560000003563 
172.0 180.0 0.9610859999993409 
172.0 200.0 0.8384079999996175 
172.0 220.0 0.35645799999929295 
172.0 240.0 -0.1508480000002237 
172.0 260.0 -0.20778900000004796 
172.0 280.0 1.6779249999999593 
172.0 300.0 0.36139300000013463 
172.0 320.0 1.9783010000001013 
172.0 340.0 0.7350589999996373 
176.0 0.0 0.21202599999924132 
176.0 20.0 -0.13326000000051863 
176.0 40.0 2.680427999999665 
176.0 60.0 1.0950189999994109 
176.0 80.0 0.04996299999947951 
176.0 100.0 0.9263039999996181 
176.0 120.0 0.11036499999954685 
176.0 140.0 0.17920299999968847 
176.0 160.0 -0.28443700000025274 
176.0 180.0 0.6306629999999132 
176.0 200.0 0.7943259999992733 
176.0 220.0 0.6719610000000102 
176.0 240.0 0.7235609999997905 
176.0 260.0 0.0007189999996626284 
176.0 280.0 1.731377999999495 
176.0 300.0 1.6805889999995998 
176.0 320.0 2.1481059999996432 
176.0 340.0 0.49085899999954563 
180.0 0.0 0.7762489999995523 
